# pdf: NNPDF31_nlo_pch_as_0118
# Q0: 2 GeV 
# Nrep: 100
# [xmin, xmax, nx]: [10^(-6), 10^(0), 1001]
# 	 x 	 gluon(cv) 	 gluon(sd) 
 0.00000100 	 15.59988719 	 32.39263543 
 0.00000101 	 15.55658720 	 32.22873956 
 0.00000103 	 15.51340469 	 32.06545717 
 0.00000104 	 15.47034600 	 31.90284215 
 0.00000106 	 15.42740998 	 31.74088951 
 0.00000107 	 15.38459532 	 31.57959354 
 0.00000109 	 15.34190078 	 31.41894856 
 0.00000110 	 15.29932506 	 31.25894889 
 0.00000112 	 15.25686691 	 31.09958882 
 0.00000113 	 15.21452504 	 30.94086269 
 0.00000115 	 15.17229819 	 30.78276481 
 0.00000116 	 15.13018508 	 30.62528950 
 0.00000118 	 15.08818443 	 30.46843109 
 0.00000120 	 15.04629498 	 30.31218389 
 0.00000121 	 15.00451546 	 30.15654225 
 0.00000123 	 14.96284459 	 30.00150050 
 0.00000125 	 14.92128109 	 29.84705296 
 0.00000126 	 14.87982370 	 29.69319397 
 0.00000128 	 14.83847114 	 29.53991788 
 0.00000130 	 14.79722213 	 29.38721904 
 0.00000132 	 14.75607687 	 29.23509233 
 0.00000134 	 14.71503703 	 29.08354033 
 0.00000136 	 14.67410351 	 28.93256903 
 0.00000137 	 14.63327719 	 28.78218438 
 0.00000139 	 14.59255896 	 28.63239233 
 0.00000141 	 14.55194973 	 28.48319884 
 0.00000143 	 14.51145036 	 28.33460984 
 0.00000145 	 14.47106177 	 28.18663125 
 0.00000147 	 14.43078483 	 28.03926899 
 0.00000149 	 14.39062044 	 27.89252894 
 0.00000151 	 14.35056948 	 27.74641701 
 0.00000153 	 14.31063285 	 27.60093907 
 0.00000156 	 14.27081144 	 27.45610099 
 0.00000158 	 14.23110614 	 27.31190861 
 0.00000160 	 14.19151783 	 27.16836779 
 0.00000162 	 14.15204741 	 27.02548436 
 0.00000164 	 14.11269576 	 26.88326413 
 0.00000167 	 14.07346386 	 26.74171350 
 0.00000169 	 14.03436252 	 26.60092042 
 0.00000171 	 13.99539623 	 26.46092223 
 0.00000174 	 13.95656090 	 26.32168656 
 0.00000176 	 13.91785247 	 26.18318111 
 0.00000179 	 13.87926685 	 26.04537359 
 0.00000181 	 13.84079999 	 25.90823176 
 0.00000184 	 13.80244779 	 25.77172341 
 0.00000186 	 13.76420620 	 25.63581636 
 0.00000189 	 13.72607114 	 25.50047848 
 0.00000191 	 13.68803854 	 25.36567766 
 0.00000194 	 13.65010431 	 25.23138182 
 0.00000197 	 13.61226440 	 25.09755894 
 0.00000200 	 13.57451473 	 24.96417701 
 0.00000202 	 13.53685122 	 24.83120408 
 0.00000205 	 13.49926981 	 24.69860822 
 0.00000208 	 13.46176641 	 24.56635755 
 0.00000211 	 13.42433696 	 24.43442026 
 0.00000214 	 13.38697790 	 24.30276770 
 0.00000217 	 13.34970454 	 24.17149049 
 0.00000220 	 13.31252516 	 24.04064517 
 0.00000223 	 13.27543912 	 23.91023485 
 0.00000226 	 13.23844576 	 23.78026263 
 0.00000229 	 13.20154443 	 23.65073161 
 0.00000232 	 13.16473448 	 23.52164488 
 0.00000236 	 13.12801525 	 23.39300551 
 0.00000239 	 13.09138610 	 23.26481659 
 0.00000242 	 13.05484638 	 23.13708116 
 0.00000245 	 13.01839542 	 23.00980230 
 0.00000249 	 12.98203258 	 22.88298303 
 0.00000252 	 12.94575720 	 22.75662639 
 0.00000256 	 12.90956865 	 22.63073540 
 0.00000259 	 12.87346625 	 22.50531308 
 0.00000263 	 12.83744936 	 22.38036243 
 0.00000267 	 12.80151733 	 22.25588643 
 0.00000270 	 12.76566951 	 22.13188808 
 0.00000274 	 12.72990345 	 22.00835671 
 0.00000278 	 12.69419142 	 21.88508425 
 0.00000282 	 12.65853009 	 21.76203873 
 0.00000286 	 12.62292721 	 21.63927150 
 0.00000290 	 12.58739056 	 21.51683380 
 0.00000294 	 12.55192791 	 21.39477679 
 0.00000298 	 12.51654701 	 21.27315148 
 0.00000302 	 12.48125564 	 21.15200881 
 0.00000306 	 12.44606156 	 21.03139955 
 0.00000310 	 12.41097253 	 20.91137434 
 0.00000315 	 12.37599634 	 20.79198373 
 0.00000319 	 12.34114073 	 20.67327810 
 0.00000324 	 12.30641347 	 20.55530772 
 0.00000328 	 12.27182235 	 20.43812275 
 0.00000333 	 12.23737511 	 20.32177322 
 0.00000337 	 12.20307952 	 20.20630909 
 0.00000342 	 12.16894336 	 20.09178022 
 0.00000347 	 12.13497438 	 19.97823642 
 0.00000352 	 12.10118436 	 19.86575560 
 0.00000356 	 12.06761074 	 19.75459919 
 0.00000361 	 12.03424748 	 19.64472752 
 0.00000366 	 12.00107772 	 19.53602570 
 0.00000372 	 11.96808458 	 19.42837902 
 0.00000377 	 11.93525123 	 19.32167296 
 0.00000382 	 11.90256079 	 19.21579312 
 0.00000387 	 11.86999642 	 19.11062519 
 0.00000393 	 11.83754124 	 19.00605493 
 0.00000398 	 11.80517841 	 18.90196813 
 0.00000404 	 11.77289107 	 18.79825066 
 0.00000409 	 11.74066235 	 18.69478838 
 0.00000415 	 11.70847540 	 18.59146724 
 0.00000421 	 11.67631336 	 18.48817325 
 0.00000427 	 11.64415937 	 18.38479250 
 0.00000433 	 11.61199657 	 18.28121124 
 0.00000439 	 11.57980811 	 18.17731590 
 0.00000445 	 11.54757712 	 18.07299316 
 0.00000451 	 11.51529844 	 17.96819740 
 0.00000457 	 11.48303259 	 17.86327449 
 0.00000463 	 11.45079221 	 17.75831435 
 0.00000470 	 11.41857893 	 17.65334484 
 0.00000476 	 11.38639439 	 17.54839378 
 0.00000483 	 11.35424019 	 17.44348900 
 0.00000490 	 11.32211798 	 17.33865830 
 0.00000497 	 11.29002938 	 17.23392942 
 0.00000504 	 11.25797602 	 17.12933003 
 0.00000511 	 11.22595952 	 17.02488775 
 0.00000518 	 11.19398150 	 16.92063010 
 0.00000525 	 11.16204361 	 16.81658455 
 0.00000532 	 11.13014746 	 16.71277845 
 0.00000540 	 11.09829468 	 16.60923910 
 0.00000547 	 11.06648690 	 16.50599372 
 0.00000555 	 11.03472574 	 16.40306946 
 0.00000562 	 11.00301284 	 16.30049340 
 0.00000570 	 10.97134981 	 16.19829260 
 0.00000578 	 10.93971042 	 16.09629192 
 0.00000586 	 10.90799244 	 15.99375326 
 0.00000594 	 10.87620801 	 15.89075325 
 0.00000603 	 10.84438208 	 15.78746038 
 0.00000611 	 10.81253960 	 15.68404245 
 0.00000619 	 10.78070554 	 15.58066653 
 0.00000628 	 10.74890484 	 15.47749871 
 0.00000637 	 10.71716246 	 15.37470408 
 0.00000646 	 10.68550336 	 15.27244661 
 0.00000655 	 10.65395249 	 15.17088913 
 0.00000664 	 10.62253481 	 15.07019332 
 0.00000673 	 10.59127527 	 14.97051975 
 0.00000682 	 10.56019883 	 14.87202795 
 0.00000692 	 10.52933044 	 14.77487654 
 0.00000701 	 10.49869505 	 14.67922338 
 0.00000711 	 10.46831763 	 14.58522579 
 0.00000721 	 10.43822313 	 14.49304081 
 0.00000731 	 10.40843650 	 14.40282549 
 0.00000741 	 10.37899696 	 14.31487232 
 0.00000752 	 10.34994013 	 14.22951655 
 0.00000762 	 10.32123241 	 14.14651825 
 0.00000773 	 10.29283675 	 14.06560901 
 0.00000783 	 10.26471612 	 13.98652132 
 0.00000794 	 10.23683352 	 13.90898811 
 0.00000805 	 10.20915189 	 13.83274226 
 0.00000817 	 10.18163423 	 13.75751626 
 0.00000828 	 10.15424350 	 13.68304193 
 0.00000839 	 10.12694268 	 13.60905021 
 0.00000851 	 10.09969473 	 13.53527099 
 0.00000863 	 10.07246264 	 13.46143317 
 0.00000875 	 10.04520936 	 13.38726462 
 0.00000887 	 10.01789789 	 13.31249236 
 0.00000899 	 9.99049119 	 13.23684283 
 0.00000912 	 9.96295223 	 13.16004217 
 0.00000925 	 9.93524398 	 13.08181671 
 0.00000938 	 9.90732943 	 13.00189348 
 0.00000951 	 9.87924902 	 12.92053872 
 0.00000964 	 9.85114097 	 12.83871487 
 0.00000977 	 9.82300828 	 12.75645982 
 0.00000991 	 9.79484976 	 12.67378294 
 0.00001005 	 9.76666422 	 12.59069378 
 0.00001019 	 9.73845048 	 12.50720203 
 0.00001033 	 9.71020736 	 12.42331743 
 0.00001047 	 9.68193368 	 12.33904971 
 0.00001062 	 9.65362824 	 12.25440860 
 0.00001076 	 9.62528987 	 12.16940378 
 0.00001091 	 9.59691738 	 12.08404494 
 0.00001107 	 9.56850959 	 11.99834173 
 0.00001122 	 9.54006532 	 11.91230387 
 0.00001138 	 9.51158337 	 11.82594120 
 0.00001153 	 9.48306257 	 11.73926374 
 0.00001169 	 9.45450173 	 11.65228186 
 0.00001186 	 9.42589967 	 11.56500635 
 0.00001202 	 9.39725520 	 11.47744865 
 0.00001219 	 9.36847451 	 11.38892993 
 0.00001236 	 9.33945201 	 11.29867227 
 0.00001253 	 9.31022752 	 11.20697503 
 0.00001271 	 9.28084183 	 11.11414340 
 0.00001288 	 9.25133569 	 11.02048026 
 0.00001306 	 9.22174990 	 10.92628514 
 0.00001324 	 9.19212522 	 10.83185340 
 0.00001343 	 9.16250244 	 10.73747545 
 0.00001361 	 9.13292233 	 10.64343618 
 0.00001380 	 9.10342566 	 10.55001456 
 0.00001400 	 9.07405321 	 10.45748337 
 0.00001419 	 9.04484576 	 10.36610918 
 0.00001439 	 9.01584409 	 10.27615253 
 0.00001459 	 8.98708896 	 10.18786832 
 0.00001479 	 8.95862117 	 10.10150647 
 0.00001500 	 8.93048147 	 10.01731289 
 0.00001521 	 8.90271065 	 9.93553067 
 0.00001542 	 8.87534949 	 9.85640163 
 0.00001563 	 8.84841670 	 9.78005379 
 0.00001585 	 8.82187891 	 9.70627711 
 0.00001607 	 8.79569808 	 9.63480820 
 0.00001629 	 8.76983617 	 9.56538780 
 0.00001652 	 8.74425515 	 9.49775962 
 0.00001675 	 8.71891697 	 9.43166931 
 0.00001698 	 8.69378360 	 9.36686351 
 0.00001722 	 8.66881701 	 9.30308907 
 0.00001746 	 8.64397915 	 9.24009236 
 0.00001770 	 8.61923199 	 9.17761877 
 0.00001795 	 8.59453749 	 9.11541233 
 0.00001820 	 8.56985761 	 9.05321553 
 0.00001845 	 8.54515432 	 8.99076929 
 0.00001871 	 8.52038957 	 8.92781305 
 0.00001897 	 8.49552534 	 8.86408519 
 0.00001923 	 8.47052357 	 8.79932346 
 0.00001950 	 8.44534624 	 8.73326573 
 0.00001977 	 8.41995898 	 8.66567278 
 0.00002004 	 8.39464758 	 8.59822801 
 0.00002032 	 8.36957279 	 8.53191186 
 0.00002061 	 8.34468162 	 8.46644106 
 0.00002089 	 8.31992110 	 8.40153339 
 0.00002118 	 8.29523826 	 8.33690708 
 0.00002148 	 8.27058012 	 8.27228028 
 0.00002178 	 8.24589370 	 8.20737089 
 0.00002208 	 8.22112603 	 8.14189655 
 0.00002239 	 8.19622414 	 8.07557495 
 0.00002270 	 8.17113505 	 8.00812439 
 0.00002301 	 8.14580578 	 7.93926462 
 0.00002333 	 8.12018336 	 7.86871806 
 0.00002366 	 8.09421481 	 7.79621128 
 0.00002399 	 8.06784716 	 7.72147696 
 0.00002432 	 8.04102744 	 7.64425613 
 0.00002466 	 8.01370266 	 7.56430100 
 0.00002500 	 7.98581986 	 7.48137825 
 0.00002535 	 7.95732817 	 7.39526623 
 0.00002570 	 7.92825670 	 7.30573582 
 0.00002606 	 7.89866227 	 7.21307749 
 0.00002642 	 7.86858420 	 7.11773752 
 0.00002679 	 7.83806181 	 7.02016538 
 0.00002716 	 7.80713442 	 6.92080984 
 0.00002754 	 7.77584135 	 6.82011502 
 0.00002793 	 7.74422192 	 6.71851653 
 0.00002831 	 7.71231546 	 6.61643775 
 0.00002871 	 7.68016127 	 6.51428613 
 0.00002911 	 7.64779868 	 6.41244958 
 0.00002951 	 7.61526701 	 6.31129308 
 0.00002992 	 7.58260557 	 6.21115553 
 0.00003034 	 7.54985370 	 6.11234685 
 0.00003076 	 7.51705070 	 6.01514559 
 0.00003119 	 7.48423590 	 5.91979694 
 0.00003162 	 7.45144862 	 5.82651156 
 0.00003206 	 7.41872817 	 5.73546505 
 0.00003251 	 7.38608325 	 5.64667518 
 0.00003296 	 7.35313516 	 5.55863717 
 0.00003342 	 7.31980669 	 5.47118284 
 0.00003388 	 7.28615785 	 5.38469015 
 0.00003436 	 7.25224863 	 5.29950668 
 0.00003483 	 7.21813904 	 5.21594300 
 0.00003532 	 7.18388908 	 5.13426643 
 0.00003581 	 7.14955874 	 5.05469539 
 0.00003631 	 7.11520803 	 4.97739454 
 0.00003681 	 7.08089695 	 4.90247089 
 0.00003733 	 7.04668550 	 4.82997114 
 0.00003784 	 7.01263367 	 4.75988045 
 0.00003837 	 6.97880147 	 4.69212278 
 0.00003890 	 6.94524891 	 4.62656304 
 0.00003945 	 6.91203597 	 4.56301114 
 0.00003999 	 6.87922266 	 4.50122807 
 0.00004055 	 6.84686898 	 4.44093401 
 0.00004111 	 6.81503493 	 4.38181866 
 0.00004169 	 6.78373720 	 4.32351389 
 0.00004227 	 6.75266519 	 4.26544917 
 0.00004285 	 6.72176130 	 4.20749688 
 0.00004345 	 6.69104492 	 4.14966175 
 0.00004406 	 6.66053544 	 4.09198725 
 0.00004467 	 6.63025227 	 4.03454833 
 0.00004529 	 6.60021480 	 3.97744463 
 0.00004592 	 6.57044242 	 3.92079394 
 0.00004656 	 6.54095453 	 3.86472607 
 0.00004721 	 6.51177052 	 3.80937726 
 0.00004786 	 6.48290979 	 3.75488488 
 0.00004853 	 6.45439173 	 3.70138288 
 0.00004920 	 6.42623574 	 3.64899772 
 0.00004989 	 6.39846122 	 3.59784509 
 0.00005058 	 6.37108755 	 3.54802748 
 0.00005129 	 6.34413414 	 3.49963263 
 0.00005200 	 6.31762038 	 3.45273311 
 0.00005272 	 6.29156567 	 3.40738711 
 0.00005346 	 6.26595008 	 3.36344018 
 0.00005420 	 6.24058503 	 3.31992035 
 0.00005495 	 6.21546693 	 3.27686874 
 0.00005572 	 6.19062394 	 3.23448965 
 0.00005649 	 6.16608420 	 3.19297928 
 0.00005728 	 6.14187588 	 3.15252110 
 0.00005808 	 6.11802711 	 3.11328149 
 0.00005888 	 6.09456607 	 3.07540567 
 0.00005970 	 6.07152091 	 3.03901422 
 0.00006053 	 6.04891977 	 3.00420006 
 0.00006138 	 6.02679081 	 2.97102612 
 0.00006223 	 6.00516219 	 2.93952392 
 0.00006310 	 5.98406206 	 2.90969290 
 0.00006397 	 5.96351858 	 2.88150091 
 0.00006486 	 5.94355990 	 2.85488563 
 0.00006577 	 5.92421417 	 2.82975727 
 0.00006668 	 5.90550956 	 2.80600223 
 0.00006761 	 5.88747420 	 2.78348811 
 0.00006855 	 5.87015154 	 2.76202655 
 0.00006950 	 5.85359422 	 2.74131533 
 0.00007047 	 5.83776554 	 2.72121692 
 0.00007145 	 5.82262194 	 2.70162836 
 0.00007244 	 5.80811988 	 2.68246451 
 0.00007345 	 5.79421581 	 2.66365628 
 0.00007447 	 5.78086617 	 2.64514896 
 0.00007551 	 5.76802741 	 2.62690056 
 0.00007656 	 5.75565598 	 2.60888031 
 0.00007762 	 5.74370832 	 2.59106736 
 0.00007870 	 5.73214089 	 2.57344948 
 0.00007980 	 5.72091012 	 2.55602202 
 0.00008091 	 5.70997248 	 2.53878701 
 0.00008204 	 5.69928440 	 2.52175239 
 0.00008318 	 5.68880233 	 2.50493151 
 0.00008433 	 5.67848273 	 2.48834277 
 0.00008551 	 5.66828203 	 2.47200941 
 0.00008670 	 5.65815670 	 2.45595967 
 0.00008790 	 5.64820077 	 2.44017954 
 0.00008913 	 5.63872688 	 2.42454999 
 0.00009036 	 5.62971105 	 2.40903990 
 0.00009162 	 5.62111121 	 2.39362930 
 0.00009290 	 5.61288529 	 2.37830296 
 0.00009419 	 5.60499123 	 2.36304945 
 0.00009550 	 5.59738695 	 2.34786032 
 0.00009683 	 5.59003040 	 2.33272926 
 0.00009817 	 5.58287949 	 2.31765147 
 0.00009954 	 5.57589216 	 2.30262301 
 0.00010093 	 5.56902635 	 2.28764032 
 0.00010233 	 5.56223998 	 2.27269975 
 0.00010375 	 5.55549099 	 2.25779730 
 0.00010520 	 5.54873731 	 2.24292837 
 0.00010666 	 5.54193686 	 2.22808765 
 0.00010814 	 5.53504759 	 2.21326919 
 0.00010965 	 5.52802743 	 2.19846645 
 0.00011117 	 5.52083429 	 2.18367265 
 0.00011272 	 5.51353087 	 2.16888124 
 0.00011429 	 5.50628565 	 2.15409443 
 0.00011588 	 5.49909602 	 2.13932046 
 0.00011749 	 5.49195556 	 2.12456730 
 0.00011912 	 5.48485785 	 2.10984239 
 0.00012078 	 5.47779646 	 2.09515245 
 0.00012246 	 5.47076496 	 2.08050341 
 0.00012417 	 5.46375693 	 2.06590026 
 0.00012589 	 5.45676593 	 2.05134697 
 0.00012764 	 5.44978555 	 2.03684644 
 0.00012942 	 5.44280936 	 2.02240046 
 0.00013122 	 5.43583093 	 2.00800971 
 0.00013305 	 5.42884383 	 1.99367376 
 0.00013490 	 5.42184163 	 1.97939116 
 0.00013677 	 5.41481792 	 1.96515950 
 0.00013868 	 5.40776626 	 1.95097554 
 0.00014060 	 5.40068023 	 1.93683537 
 0.00014256 	 5.39355339 	 1.92273459 
 0.00014454 	 5.38638534 	 1.90861695 
 0.00014655 	 5.37918422 	 1.89442627 
 0.00014859 	 5.37195478 	 1.88017985 
 0.00015066 	 5.36470174 	 1.86589592 
 0.00015276 	 5.35742985 	 1.85159319 
 0.00015488 	 5.35014382 	 1.83729067 
 0.00015704 	 5.34284840 	 1.82300761 
 0.00015922 	 5.33554831 	 1.80876328 
 0.00016144 	 5.32824828 	 1.79457696 
 0.00016368 	 5.32095305 	 1.78046780 
 0.00016596 	 5.31366733 	 1.76645478 
 0.00016827 	 5.30639588 	 1.75255670 
 0.00017061 	 5.29914341 	 1.73879215 
 0.00017298 	 5.29191466 	 1.72517955 
 0.00017539 	 5.28471436 	 1.71173717 
 0.00017783 	 5.27754723 	 1.69848324 
 0.00018030 	 5.27041802 	 1.68543607 
 0.00018281 	 5.26333150 	 1.67261417 
 0.00018535 	 5.25632306 	 1.66003496 
 0.00018793 	 5.24940945 	 1.64769019 
 0.00019055 	 5.24257526 	 1.63556160 
 0.00019320 	 5.23580507 	 1.62363111 
 0.00019588 	 5.22908347 	 1.61188035 
 0.00019861 	 5.22239504 	 1.60029044 
 0.00020137 	 5.21572438 	 1.58884166 
 0.00020417 	 5.20905607 	 1.57751328 
 0.00020701 	 5.20237469 	 1.56628338 
 0.00020989 	 5.19566484 	 1.55512880 
 0.00021281 	 5.18891111 	 1.54402510 
 0.00021577 	 5.18209807 	 1.53294659 
 0.00021878 	 5.17521032 	 1.52186647 
 0.00022182 	 5.16823245 	 1.51075700 
 0.00022491 	 5.16114904 	 1.49958977 
 0.00022803 	 5.15394468 	 1.48833604 
 0.00023121 	 5.14660395 	 1.47696717 
 0.00023442 	 5.13911180 	 1.46545641 
 0.00023768 	 5.13147948 	 1.45385920 
 0.00024099 	 5.12372620 	 1.44222197 
 0.00024434 	 5.11586190 	 1.43055150 
 0.00024774 	 5.10789654 	 1.41885485 
 0.00025119 	 5.09984006 	 1.40713924 
 0.00025468 	 5.09170242 	 1.39541193 
 0.00025823 	 5.08349357 	 1.38368009 
 0.00026182 	 5.07522346 	 1.37195071 
 0.00026546 	 5.06690204 	 1.36023051 
 0.00026915 	 5.05853925 	 1.34852584 
 0.00027290 	 5.05014506 	 1.33684261 
 0.00027669 	 5.04172941 	 1.32518622 
 0.00028054 	 5.03330225 	 1.31356154 
 0.00028445 	 5.02487352 	 1.30197286 
 0.00028840 	 5.01645319 	 1.29042386 
 0.00029242 	 5.00805121 	 1.27891761 
 0.00029648 	 4.99967751 	 1.26745661 
 0.00030061 	 4.99133640 	 1.25603805 
 0.00030479 	 4.98291455 	 1.24456701 
 0.00030903 	 4.97438003 	 1.23303215 
 0.00031333 	 4.96575384 	 1.22146804 
 0.00031769 	 4.95705696 	 1.20990809 
 0.00032211 	 4.94831039 	 1.19838393 
 0.00032659 	 4.93953512 	 1.18692498 
 0.00033113 	 4.93075214 	 1.17555798 
 0.00033574 	 4.92198245 	 1.16430660 
 0.00034041 	 4.91324704 	 1.15319118 
 0.00034514 	 4.90456691 	 1.14222844 
 0.00034995 	 4.89596304 	 1.13143144 
 0.00035481 	 4.88745643 	 1.12080951 
 0.00035975 	 4.87906808 	 1.11036830 
 0.00036475 	 4.87081897 	 1.10011005 
 0.00036983 	 4.86273010 	 1.09003384 
 0.00037497 	 4.85482246 	 1.08013612 
 0.00038019 	 4.84711704 	 1.07041121 
 0.00038548 	 4.83962948 	 1.06084940 
 0.00039084 	 4.83230895 	 1.05140966 
 0.00039628 	 4.82513215 	 1.04207157 
 0.00040179 	 4.81809212 	 1.03282531 
 0.00040738 	 4.81118189 	 1.02366255 
 0.00041305 	 4.80439450 	 1.01457627 
 0.00041879 	 4.79772298 	 1.00556052 
 0.00042462 	 4.79116039 	 0.99661031 
 0.00043053 	 4.78469974 	 0.98772140 
 0.00043652 	 4.77833408 	 0.97889014 
 0.00044259 	 4.77205645 	 0.97011337 
 0.00044875 	 4.76585989 	 0.96138830 
 0.00045499 	 4.75973742 	 0.95271239 
 0.00046132 	 4.75368210 	 0.94408329 
 0.00046774 	 4.74768695 	 0.93549879 
 0.00047424 	 4.74174501 	 0.92695681 
 0.00048084 	 4.73584933 	 0.91845534 
 0.00048753 	 4.72999293 	 0.90999255 
 0.00049431 	 4.72417766 	 0.90156758 
 0.00050119 	 4.71846032 	 0.89318505 
 0.00050816 	 4.71284628 	 0.88484510 
 0.00051523 	 4.70732818 	 0.87654709 
 0.00052240 	 4.70189865 	 0.86829075 
 0.00052966 	 4.69655032 	 0.86007601 
 0.00053703 	 4.69127581 	 0.85190299 
 0.00054450 	 4.68606777 	 0.84377187 
 0.00055208 	 4.68091882 	 0.83568285 
 0.00055976 	 4.67582160 	 0.82763605 
 0.00056754 	 4.67076874 	 0.81963151 
 0.00057544 	 4.66575287 	 0.81166908 
 0.00058345 	 4.66076662 	 0.80374845 
 0.00059156 	 4.65580262 	 0.79586907 
 0.00059979 	 4.65085351 	 0.78803018 
 0.00060814 	 4.64591192 	 0.78023078 
 0.00061660 	 4.64097047 	 0.77246966 
 0.00062517 	 4.63602180 	 0.76474542 
 0.00063387 	 4.63106649 	 0.75705953 
 0.00064269 	 4.62613792 	 0.74942511 
 0.00065163 	 4.62123991 	 0.74184278 
 0.00066069 	 4.61637144 	 0.73431129 
 0.00066988 	 4.61153151 	 0.72682930 
 0.00067920 	 4.60671910 	 0.71939536 
 0.00068865 	 4.60193321 	 0.71200788 
 0.00069823 	 4.59717283 	 0.70466505 
 0.00070795 	 4.59243695 	 0.69736488 
 0.00071779 	 4.58772455 	 0.69010511 
 0.00072778 	 4.58303464 	 0.68288323 
 0.00073790 	 4.57836621 	 0.67569646 
 0.00074817 	 4.57371824 	 0.66854174 
 0.00075858 	 4.56908972 	 0.66141578 
 0.00076913 	 4.56447965 	 0.65431501 
 0.00077983 	 4.55988701 	 0.64723567 
 0.00079068 	 4.55531081 	 0.64017382 
 0.00080168 	 4.55075002 	 0.63312538 
 0.00081283 	 4.54620829 	 0.62608663 
 0.00082414 	 4.54169931 	 0.61905865 
 0.00083560 	 4.53722172 	 0.61204557 
 0.00084723 	 4.53277290 	 0.60505152 
 0.00085901 	 4.52835021 	 0.59808057 
 0.00087096 	 4.52395104 	 0.59113667 
 0.00088308 	 4.51957276 	 0.58422369 
 0.00089536 	 4.51521275 	 0.57734536 
 0.00090782 	 4.51086837 	 0.57050529 
 0.00092045 	 4.50653700 	 0.56370692 
 0.00093325 	 4.50221602 	 0.55695354 
 0.00094624 	 4.49790281 	 0.55024825 
 0.00095940 	 4.49359473 	 0.54359397 
 0.00097275 	 4.48928916 	 0.53699344 
 0.00098628 	 4.48498348 	 0.53044918 
 0.00100000 	 4.48067506 	 0.52396352 
 0.00101391 	 4.47636128 	 0.51753857 
 0.00102802 	 4.47203951 	 0.51117624 
 0.00104232 	 4.46771952 	 0.50486440 
 0.00105682 	 4.46342667 	 0.49857565 
 0.00107152 	 4.45915758 	 0.49231672 
 0.00108643 	 4.45490764 	 0.48609557 
 0.00110154 	 4.45067227 	 0.47991986 
 0.00111686 	 4.44644685 	 0.47379692 
 0.00113240 	 4.44222679 	 0.46773362 
 0.00114815 	 4.43800748 	 0.46173631 
 0.00116413 	 4.43378434 	 0.45581077 
 0.00118032 	 4.42955275 	 0.44996214 
 0.00119674 	 4.42530812 	 0.44419486 
 0.00121339 	 4.42104584 	 0.43851262 
 0.00123027 	 4.41676133 	 0.43291837 
 0.00124738 	 4.41244997 	 0.42741429 
 0.00126474 	 4.40810717 	 0.42200177 
 0.00128233 	 4.40372833 	 0.41668144 
 0.00130017 	 4.39930885 	 0.41145325 
 0.00131826 	 4.39484412 	 0.40631646 
 0.00133660 	 4.39034110 	 0.40126149 
 0.00135519 	 4.38581665 	 0.39627371 
 0.00137404 	 4.38127065 	 0.39135237 
 0.00139316 	 4.37670276 	 0.38649700 
 0.00141254 	 4.37211261 	 0.38170719 
 0.00143219 	 4.36749984 	 0.37698255 
 0.00145211 	 4.36286409 	 0.37232271 
 0.00147231 	 4.35820499 	 0.36772730 
 0.00149279 	 4.35352219 	 0.36319592 
 0.00151356 	 4.34881533 	 0.35872816 
 0.00153462 	 4.34408404 	 0.35432355 
 0.00155597 	 4.33932796 	 0.34998155 
 0.00157761 	 4.33454674 	 0.34570158 
 0.00159956 	 4.32974001 	 0.34148296 
 0.00162181 	 4.32490740 	 0.33732494 
 0.00164437 	 4.32004857 	 0.33322665 
 0.00166725 	 4.31516314 	 0.32918717 
 0.00169044 	 4.31025076 	 0.32520546 
 0.00171396 	 4.30530845 	 0.32127663 
 0.00173780 	 4.30033402 	 0.31739577 
 0.00176198 	 4.29532887 	 0.31356272 
 0.00178649 	 4.29029437 	 0.30977744 
 0.00181134 	 4.28523193 	 0.30604006 
 0.00183654 	 4.28014293 	 0.30235078 
 0.00186209 	 4.27502876 	 0.29870986 
 0.00188799 	 4.26989082 	 0.29511756 
 0.00191426 	 4.26473049 	 0.29157416 
 0.00194089 	 4.25954916 	 0.28807988 
 0.00196789 	 4.25434822 	 0.28463490 
 0.00199526 	 4.24912907 	 0.28123930 
 0.00202302 	 4.24389309 	 0.27789306 
 0.00205116 	 4.23864168 	 0.27459608 
 0.00207970 	 4.23337622 	 0.27134812 
 0.00210863 	 4.22809811 	 0.26814884 
 0.00213796 	 4.22280873 	 0.26499778 
 0.00216770 	 4.21750947 	 0.26189437 
 0.00219786 	 4.21219955 	 0.25883277 
 0.00222844 	 4.20687711 	 0.25580950 
 0.00225944 	 4.20154125 	 0.25282556 
 0.00229087 	 4.19619109 	 0.24988195 
 0.00232274 	 4.19082573 	 0.24697962 
 0.00235505 	 4.18544429 	 0.24411946 
 0.00238781 	 4.18004587 	 0.24130230 
 0.00242103 	 4.17462960 	 0.23852882 
 0.00245471 	 4.16919457 	 0.23579959 
 0.00248886 	 4.16373991 	 0.23311503 
 0.00252348 	 4.15826472 	 0.23047539 
 0.00255859 	 4.15276811 	 0.22788074 
 0.00259418 	 4.14724920 	 0.22533094 
 0.00263027 	 4.14170709 	 0.22282568 
 0.00266686 	 4.13614091 	 0.22036440 
 0.00270396 	 4.13054975 	 0.21794637 
 0.00274157 	 4.12493273 	 0.21557063 
 0.00277971 	 4.11928898 	 0.21323595 
 0.00281838 	 4.11361909 	 0.21093764 
 0.00285759 	 4.10792409 	 0.20867400 
 0.00289734 	 4.10220460 	 0.20644548 
 0.00293765 	 4.09646121 	 0.20425255 
 0.00297852 	 4.09069455 	 0.20209556 
 0.00301995 	 4.08490522 	 0.19997478 
 0.00306196 	 4.07909385 	 0.19789039 
 0.00310456 	 4.07326103 	 0.19584242 
 0.00314775 	 4.06740738 	 0.19383073 
 0.00319154 	 4.06153351 	 0.19185504 
 0.00323594 	 4.05564004 	 0.18991488 
 0.00328095 	 4.04972757 	 0.18800959 
 0.00332660 	 4.04379672 	 0.18613832 
 0.00337287 	 4.03784809 	 0.18430002 
 0.00341979 	 4.03188231 	 0.18249342 
 0.00346737 	 4.02589998 	 0.18071709 
 0.00351560 	 4.01990171 	 0.17896940 
 0.00356451 	 4.01388782 	 0.17724830 
 0.00361410 	 4.00785358 	 0.17554847 
 0.00366438 	 4.00179766 	 0.17386870 
 0.00371535 	 3.99572072 	 0.17220958 
 0.00376704 	 3.98962344 	 0.17057178 
 0.00381944 	 3.98350650 	 0.16895599 
 0.00387258 	 3.97737056 	 0.16736293 
 0.00392645 	 3.97121630 	 0.16579334 
 0.00398107 	 3.96504438 	 0.16424793 
 0.00403645 	 3.95885550 	 0.16272739 
 0.00409261 	 3.95265030 	 0.16123239 
 0.00414954 	 3.94642948 	 0.15976355 
 0.00420727 	 3.94019369 	 0.15832144 
 0.00426580 	 3.93394362 	 0.15690656 
 0.00432514 	 3.92767993 	 0.15551937 
 0.00438531 	 3.92140330 	 0.15416027 
 0.00444631 	 3.91511440 	 0.15282962 
 0.00450817 	 3.90881390 	 0.15152771 
 0.00457088 	 3.90250232 	 0.15025419 
 0.00463447 	 3.89617837 	 0.14900315 
 0.00469894 	 3.88984137 	 0.14777433 
 0.00476431 	 3.88349100 	 0.14656927 
 0.00483059 	 3.87712694 	 0.14538936 
 0.00489779 	 3.87074887 	 0.14423587 
 0.00496592 	 3.86435646 	 0.14310982 
 0.00503501 	 3.85794940 	 0.14201204 
 0.00510505 	 3.85152737 	 0.14094305 
 0.00517607 	 3.84509004 	 0.13990310 
 0.00524807 	 3.83863710 	 0.13889210 
 0.00532108 	 3.83216823 	 0.13790963 
 0.00539511 	 3.82568310 	 0.13695495 
 0.00547016 	 3.81918139 	 0.13602698 
 0.00554626 	 3.81266279 	 0.13512432 
 0.00562341 	 3.80612697 	 0.13424527 
 0.00570164 	 3.79957361 	 0.13338787 
 0.00578096 	 3.79300239 	 0.13254993 
 0.00586138 	 3.78641397 	 0.13172865 
 0.00594292 	 3.77981399 	 0.13092058 
 0.00602560 	 3.77320249 	 0.13012722 
 0.00610942 	 3.76657839 	 0.12935066 
 0.00619441 	 3.75994058 	 0.12859284 
 0.00628058 	 3.75328797 	 0.12785555 
 0.00636796 	 3.74661945 	 0.12714039 
 0.00645654 	 3.73993393 	 0.12644877 
 0.00654636 	 3.73323032 	 0.12578187 
 0.00663743 	 3.72650751 	 0.12514070 
 0.00672977 	 3.71976440 	 0.12452604 
 0.00682339 	 3.71299991 	 0.12393848 
 0.00691831 	 3.70621292 	 0.12337842 
 0.00701455 	 3.69940235 	 0.12284613 
 0.00711214 	 3.69256710 	 0.12234175 
 0.00721107 	 3.68570606 	 0.12186531 
 0.00731139 	 3.67881814 	 0.12141684 
 0.00741310 	 3.67190225 	 0.12099636 
 0.00751623 	 3.66495749 	 0.12060215 
 0.00762079 	 3.65798452 	 0.12022855 
 0.00772681 	 3.65098435 	 0.11987949 
 0.00783430 	 3.64395794 	 0.11955973 
 0.00794328 	 3.63690626 	 0.11927367 
 0.00805378 	 3.62983028 	 0.11902512 
 0.00816582 	 3.62273094 	 0.11881722 
 0.00827942 	 3.61560922 	 0.11865223 
 0.00839460 	 3.60846609 	 0.11853152 
 0.00851138 	 3.60130249 	 0.11845542 
 0.00862979 	 3.59411940 	 0.11842322 
 0.00874984 	 3.58691778 	 0.11843316 
 0.00887156 	 3.57969860 	 0.11848241 
 0.00899498 	 3.57246281 	 0.11856718 
 0.00912011 	 3.56521138 	 0.11868272 
 0.00924698 	 3.55794527 	 0.11882349 
 0.00937562 	 3.55066545 	 0.11898323 
 0.00950605 	 3.54337287 	 0.11915515 
 0.00963829 	 3.53606847 	 0.11933753 
 0.00977237 	 3.52875214 	 0.11954282 
 0.00990832 	 3.52142289 	 0.11977152 
 0.01004616 	 3.51407972 	 0.12002281 
 0.01018591 	 3.50672161 	 0.12029545 
 0.01032761 	 3.49934755 	 0.12058778 
 0.01047129 	 3.49195654 	 0.12089771 
 0.01061696 	 3.48454757 	 0.12122272 
 0.01076465 	 3.47711962 	 0.12155988 
 0.01091440 	 3.46967168 	 0.12190587 
 0.01106624 	 3.46220275 	 0.12225705 
 0.01122018 	 3.45471182 	 0.12260950 
 0.01137627 	 3.44719787 	 0.12295909 
 0.01153453 	 3.43965990 	 0.12330160 
 0.01169499 	 3.43209690 	 0.12363274 
 0.01185769 	 3.42450785 	 0.12394832 
 0.01202264 	 3.41689174 	 0.12424432 
 0.01218990 	 3.40924758 	 0.12451705 
 0.01235947 	 3.40158089 	 0.12476297 
 0.01253141 	 3.39390373 	 0.12498376 
 0.01270574 	 3.38621399 	 0.12518616 
 0.01288250 	 3.37850912 	 0.12537688 
 0.01306171 	 3.37078656 	 0.12556226 
 0.01324342 	 3.36304375 	 0.12574810 
 0.01342765 	 3.35527812 	 0.12593954 
 0.01361445 	 3.34748712 	 0.12614088 
 0.01380384 	 3.33966818 	 0.12635558 
 0.01399587 	 3.33181875 	 0.12658612 
 0.01419058 	 3.32393626 	 0.12683400 
 0.01438799 	 3.31601815 	 0.12709976 
 0.01458814 	 3.30806187 	 0.12738298 
 0.01479108 	 3.30006484 	 0.12768238 
 0.01499685 	 3.29202452 	 0.12799589 
 0.01520548 	 3.28393835 	 0.12832075 
 0.01541700 	 3.27580375 	 0.12865374 
 0.01563148 	 3.26761817 	 0.12899125 
 0.01584893 	 3.25939033 	 0.12933861 
 0.01606941 	 3.25113464 	 0.12970943 
 0.01629296 	 3.24284911 	 0.13010646 
 0.01651962 	 3.23453162 	 0.13053175 
 0.01674943 	 3.22618003 	 0.13098643 
 0.01698244 	 3.21779219 	 0.13147040 
 0.01721869 	 3.20936597 	 0.13198212 
 0.01745822 	 3.20089922 	 0.13251846 
 0.01770109 	 3.19238982 	 0.13307462 
 0.01794734 	 3.18383562 	 0.13364408 
 0.01819701 	 3.17523448 	 0.13421868 
 0.01845015 	 3.16658427 	 0.13478867 
 0.01870682 	 3.15788285 	 0.13534287 
 0.01896706 	 3.14912808 	 0.13586885 
 0.01923092 	 3.14031782 	 0.13635312 
 0.01949845 	 3.13144993 	 0.13678144 
 0.01976970 	 3.12252228 	 0.13713909 
 0.02004472 	 3.11353272 	 0.13741115 
 0.02032357 	 3.10449453 	 0.13760274 
 0.02060630 	 3.09542048 	 0.13773158 
 0.02089296 	 3.08630745 	 0.13780156 
 0.02118361 	 3.07715235 	 0.13781645 
 0.02147830 	 3.06795207 	 0.13777978 
 0.02177710 	 3.05870351 	 0.13769472 
 0.02208005 	 3.04940355 	 0.13756406 
 0.02238721 	 3.04004910 	 0.13739010 
 0.02269865 	 3.03063705 	 0.13717464 
 0.02301442 	 3.02116430 	 0.13691897 
 0.02333458 	 3.01162774 	 0.13662386 
 0.02365920 	 3.00202427 	 0.13628961 
 0.02398833 	 2.99235077 	 0.13591606 
 0.02432204 	 2.98260416 	 0.13550269 
 0.02466039 	 2.97278132 	 0.13504871 
 0.02500345 	 2.96287914 	 0.13455316 
 0.02535129 	 2.95289453 	 0.13401506 
 0.02570396 	 2.94282448 	 0.13343350 
 0.02606154 	 2.93267811 	 0.13279957 
 0.02642409 	 2.92246282 	 0.13211032 
 0.02679168 	 2.91217844 	 0.13137033 
 0.02716439 	 2.90182476 	 0.13058462 
 0.02754229 	 2.89140162 	 0.12975829 
 0.02792544 	 2.88090883 	 0.12889632 
 0.02831392 	 2.87034619 	 0.12800323 
 0.02870781 	 2.85971354 	 0.12708299 
 0.02910717 	 2.84901069 	 0.12613882 
 0.02951209 	 2.83823744 	 0.12517309 
 0.02992265 	 2.82739363 	 0.12418730 
 0.03033891 	 2.81647905 	 0.12318208 
 0.03076097 	 2.80549354 	 0.12215722 
 0.03118890 	 2.79443691 	 0.12111185 
 0.03162278 	 2.78330897 	 0.12004459 
 0.03206269 	 2.77210954 	 0.11895380 
 0.03250873 	 2.76083844 	 0.11783796 
 0.03296097 	 2.74949652 	 0.11669545 
 0.03341950 	 2.73811503 	 0.11551335 
 0.03388442 	 2.72670246 	 0.11430226 
 0.03435579 	 2.71525044 	 0.11308362 
 0.03483373 	 2.70375062 	 0.11187808 
 0.03531832 	 2.69219463 	 0.11070461 
 0.03580964 	 2.68057411 	 0.10957961 
 0.03630781 	 2.66888069 	 0.10851626 
 0.03681290 	 2.65710600 	 0.10752384 
 0.03732502 	 2.64524169 	 0.10660727 
 0.03784426 	 2.63327940 	 0.10576685 
 0.03837072 	 2.62121075 	 0.10499817 
 0.03890451 	 2.60902738 	 0.10429227 
 0.03944573 	 2.59672094 	 0.10363596 
 0.03999447 	 2.58428304 	 0.10301245 
 0.04055085 	 2.57170535 	 0.10240210 
 0.04111497 	 2.55897948 	 0.10178342 
 0.04168694 	 2.54609707 	 0.10113418 
 0.04226686 	 2.53305294 	 0.10043261 
 0.04285485 	 2.51988841 	 0.09966877 
 0.04345102 	 2.50661642 	 0.09886406 
 0.04405549 	 2.49323411 	 0.09804580 
 0.04466836 	 2.47973862 	 0.09724141 
 0.04528976 	 2.46612707 	 0.09647696 
 0.04591980 	 2.45239660 	 0.09577577 
 0.04655861 	 2.43854436 	 0.09515713 
 0.04720630 	 2.42456747 	 0.09463518 
 0.04786301 	 2.41046308 	 0.09421809 
 0.04852885 	 2.39622831 	 0.09390744 
 0.04920395 	 2.38186030 	 0.09369798 
 0.04988845 	 2.36735620 	 0.09357768 
 0.05058247 	 2.35271312 	 0.09352821 
 0.05128614 	 2.33792822 	 0.09352562 
 0.05199960 	 2.32299862 	 0.09354139 
 0.05272299 	 2.30792147 	 0.09354356 
 0.05345644 	 2.29269389 	 0.09349812 
 0.05420009 	 2.27731443 	 0.09337634 
 0.05495409 	 2.26179362 	 0.09320825 
 0.05571857 	 2.24613434 	 0.09300745 
 0.05649370 	 2.23033671 	 0.09277795 
 0.05727960 	 2.21440086 	 0.09252350 
 0.05807644 	 2.19832693 	 0.09224689 
 0.05888437 	 2.18211503 	 0.09194944 
 0.05970353 	 2.16576530 	 0.09163053 
 0.06053409 	 2.14927786 	 0.09128733 
 0.06137620 	 2.13265284 	 0.09091459 
 0.06223003 	 2.11589038 	 0.09050463 
 0.06309573 	 2.09899058 	 0.09004734 
 0.06397348 	 2.08195359 	 0.08953040 
 0.06486344 	 2.06477954 	 0.08893959 
 0.06576578 	 2.04746854 	 0.08825913 
 0.06668068 	 2.03002073 	 0.08747227 
 0.06760830 	 2.01243623 	 0.08656190 
 0.06854882 	 1.99471518 	 0.08551134 
 0.06950243 	 1.97684388 	 0.08429436 
 0.07046931 	 1.95875029 	 0.08285417 
 0.07144963 	 1.94043923 	 0.08121848 
 0.07244360 	 1.92192873 	 0.07943053 
 0.07345139 	 1.90323684 	 0.07753598 
 0.07447320 	 1.88438160 	 0.07558144 
 0.07550922 	 1.86538105 	 0.07361306 
 0.07655966 	 1.84625323 	 0.07167493 
 0.07762471 	 1.82701618 	 0.06980734 
 0.07870458 	 1.80768796 	 0.06804494 
 0.07979947 	 1.78828659 	 0.06641490 
 0.08090959 	 1.76883011 	 0.06493523 
 0.08203515 	 1.74933659 	 0.06361353 
 0.08317638 	 1.72982404 	 0.06244629 
 0.08433348 	 1.71031052 	 0.06141905 
 0.08550667 	 1.69081406 	 0.06050736 
 0.08669619 	 1.67135271 	 0.05967870 
 0.08790225 	 1.65194452 	 0.05889512 
 0.08912509 	 1.63257449 	 0.05808743 
 0.09036495 	 1.61312956 	 0.05713990 
 0.09162205 	 1.59360907 	 0.05609061 
 0.09289664 	 1.57402512 	 0.05499586 
 0.09418896 	 1.55438984 	 0.05391004 
 0.09549926 	 1.53471534 	 0.05287985 
 0.09682779 	 1.51501374 	 0.05193988 
 0.09817479 	 1.49529714 	 0.05110997 
 0.09954054 	 1.47557767 	 0.05039500 
 0.10092529 	 1.45584185 	 0.04976308 
 0.10232930 	 1.43602659 	 0.04915302 
 0.10375284 	 1.41615445 	 0.04861106 
 0.10519619 	 1.39625468 	 0.04818418 
 0.10665961 	 1.37635655 	 0.04790729 
 0.10814340 	 1.35648932 	 0.04779969 
 0.10964782 	 1.33668224 	 0.04786382 
 0.11117317 	 1.31696458 	 0.04808683 
 0.11271975 	 1.29736113 	 0.04844768 
 0.11428783 	 1.27784032 	 0.04895736 
 0.11587774 	 1.25838650 	 0.04961818 
 0.11748976 	 1.23899603 	 0.05041424 
 0.11912420 	 1.21966525 	 0.05130925 
 0.12078138 	 1.20039052 	 0.05224702 
 0.12246162 	 1.18116821 	 0.05316104 
 0.12416523 	 1.16199465 	 0.05399137 
 0.12589254 	 1.14279551 	 0.05474436 
 0.12764388 	 1.12352733 	 0.05557431 
 0.12941958 	 1.10428540 	 0.05660530 
 0.13121999 	 1.08516588 	 0.05785416 
 0.13304544 	 1.06626495 	 0.05921279 
 0.13489629 	 1.04767875 	 0.06046738 
 0.13677288 	 1.02950270 	 0.06134474 
 0.13867558 	 1.01175543 	 0.06172157 
 0.14060475 	 0.99436800 	 0.06167499 
 0.14256076 	 0.97727637 	 0.06128960 
 0.14454398 	 0.96041650 	 0.06064568 
 0.14655478 	 0.94372434 	 0.05980769 
 0.14859356 	 0.92713585 	 0.05882709 
 0.15066071 	 0.91066006 	 0.05756659 
 0.15275661 	 0.89436097 	 0.05597397 
 0.15488166 	 0.87824682 	 0.05425565 
 0.15703628 	 0.86232577 	 0.05256812 
 0.15922087 	 0.84660600 	 0.05099197 
 0.16143586 	 0.83110149 	 0.04953763 
 0.16368165 	 0.81589715 	 0.04809391 
 0.16595869 	 0.80095073 	 0.04669759 
 0.16826741 	 0.78617363 	 0.04540983 
 0.17060824 	 0.77147724 	 0.04418423 
 0.17298164 	 0.75677296 	 0.04290118 
 0.17538805 	 0.74197426 	 0.04152732 
 0.17782794 	 0.72714909 	 0.04045830 
 0.18030177 	 0.71243979 	 0.04002802 
 0.18281002 	 0.69798869 	 0.03998095 
 0.18535316 	 0.68393820 	 0.03955521 
 0.18793168 	 0.67038195 	 0.03824326 
 0.19054607 	 0.65721321 	 0.03654279 
 0.19319683 	 0.64427663 	 0.03512189 
 0.19588447 	 0.63141688 	 0.03427135 
 0.19860949 	 0.61850810 	 0.03376542 
 0.20137242 	 0.60564706 	 0.03336411 
 0.20417379 	 0.59287055 	 0.03302467 
 0.20701413 	 0.58018821 	 0.03274371 
 0.20989399 	 0.56760899 	 0.03253552 
 0.21281390 	 0.55511151 	 0.03233414 
 0.21577444 	 0.54270969 	 0.03215983 
 0.21877616 	 0.53044263 	 0.03209129 
 0.22181964 	 0.51834930 	 0.03218123 
 0.22490546 	 0.50643716 	 0.03241474 
 0.22803421 	 0.49469153 	 0.03276426 
 0.23120648 	 0.48311031 	 0.03321778 
 0.23442288 	 0.47169219 	 0.03375096 
 0.23768403 	 0.46045632 	 0.03437718 
 0.24099054 	 0.44939317 	 0.03508812 
 0.24434306 	 0.43847767 	 0.03582677 
 0.24774221 	 0.42770032 	 0.03653992 
 0.25118864 	 0.41710234 	 0.03729438 
 0.25468303 	 0.40662735 	 0.03795936 
 0.25822602 	 0.39620474 	 0.03834169 
 0.26181830 	 0.38581323 	 0.03831442 
 0.26546056 	 0.37548949 	 0.03800491 
 0.26915348 	 0.36525583 	 0.03758454 
 0.27289778 	 0.35510249 	 0.03715417 
 0.27669416 	 0.34500932 	 0.03670017 
 0.28054336 	 0.33509584 	 0.03622440 
 0.28444611 	 0.32547684 	 0.03555799 
 0.28840315 	 0.31613725 	 0.03458373 
 0.29241524 	 0.30700952 	 0.03347581 
 0.29648314 	 0.29804398 	 0.03241816 
 0.30060763 	 0.28927794 	 0.03137439 
 0.30478950 	 0.28066654 	 0.03034620 
 0.30902954 	 0.27214699 	 0.02932204 
 0.31332857 	 0.26372381 	 0.02830349 
 0.31768741 	 0.25548181 	 0.02736232 
 0.32210688 	 0.24750960 	 0.02654540 
 0.32658783 	 0.23978049 	 0.02588568 
 0.33113112 	 0.23215448 	 0.02528103 
 0.33573761 	 0.22450137 	 0.02457788 
 0.34040819 	 0.21698349 	 0.02411106 
 0.34514374 	 0.20987472 	 0.02406010 
 0.34994517 	 0.20317922 	 0.02455075 
 0.35481339 	 0.19680179 	 0.02528846 
 0.35974934 	 0.19076874 	 0.02576167 
 0.36475395 	 0.18501807 	 0.02602354 
 0.36982818 	 0.17923203 	 0.02554229 
 0.37497300 	 0.17338068 	 0.02431330 
 0.38018940 	 0.16783983 	 0.02332684 
 0.38547836 	 0.16292924 	 0.02292259 
 0.39084090 	 0.15813266 	 0.02306819 
 0.39627803 	 0.15286810 	 0.02254990 
 0.40179081 	 0.14738609 	 0.02145800 
 0.40738028 	 0.14193349 	 0.02059368 
 0.41304750 	 0.13649141 	 0.02004866 
 0.41879357 	 0.13150893 	 0.01998526 
 0.42461956 	 0.12701079 	 0.02037573 
 0.43052661 	 0.12277309 	 0.02095436 
 0.43651583 	 0.11876867 	 0.02163233 
 0.44258837 	 0.11515545 	 0.02255828 
 0.44874539 	 0.11207582 	 0.02417817 
 0.45498806 	 0.10858499 	 0.02535014 
 0.46131757 	 0.10450690 	 0.02530745 
 0.46773514 	 0.10015281 	 0.02456875 
 0.47424199 	 0.09553385 	 0.02323797 
 0.48083935 	 0.09086574 	 0.02210681 
 0.48752849 	 0.08620648 	 0.02124439 
 0.49431069 	 0.08199162 	 0.02007137 
 0.50118723 	 0.07812410 	 0.01879095 
 0.50815944 	 0.07455876 	 0.01797020 
 0.51522864 	 0.07116979 	 0.01765003 
 0.52239619 	 0.06790191 	 0.01813373 
 0.52966344 	 0.06449587 	 0.01823355 
 0.53703180 	 0.06091666 	 0.01758597 
 0.54450265 	 0.05702913 	 0.01669780 
 0.55207744 	 0.05322867 	 0.01636735 
 0.55975760 	 0.04977427 	 0.01649846 
 0.56754461 	 0.04677850 	 0.01687057 
 0.57543994 	 0.04396091 	 0.01737626 
 0.58344510 	 0.04086474 	 0.01694759 
 0.59156163 	 0.03778172 	 0.01630516 
 0.59979108 	 0.03468795 	 0.01544752 
 0.60813500 	 0.03149208 	 0.01448206 
 0.61659500 	 0.02838618 	 0.01364699 
 0.62517269 	 0.02532271 	 0.01299490 
 0.63386971 	 0.02224318 	 0.01268948 
 0.64268772 	 0.01958153 	 0.01258745 
 0.65162839 	 0.01717640 	 0.01245191 
 0.66069345 	 0.01498336 	 0.01228365 
 0.66988461 	 0.01306049 	 0.01183069 
 0.67920363 	 0.01106064 	 0.01189911 
 0.68865230 	 0.00918071 	 0.01195856 
 0.69823240 	 0.00750996 	 0.01152241 
 0.70794578 	 0.00602589 	 0.01096215 
 0.71779429 	 0.00462383 	 0.01054900 
 0.72777980 	 0.00337552 	 0.01016841 
 0.73790423 	 0.00221126 	 0.00987228 
 0.74816950 	 0.00113321 	 0.00973882 
 0.75857758 	 0.00014634 	 0.00982829 
 0.76913044 	 -0.00087816 	 0.01034874 
 0.77983011 	 -0.00157325 	 0.01059332 
 0.79067863 	 -0.00216556 	 0.01089130 
 0.80167806 	 -0.00261367 	 0.01079795 
 0.81283052 	 -0.00286331 	 0.01035712 
 0.82413812 	 -0.00299752 	 0.00990096 
 0.83560302 	 -0.00307506 	 0.00958674 
 0.84722741 	 -0.00311259 	 0.00934540 
 0.85901352 	 -0.00310996 	 0.00907681 
 0.87096359 	 -0.00302216 	 0.00867426 
 0.88307990 	 -0.00284267 	 0.00811565 
 0.89536477 	 -0.00259959 	 0.00742985 
 0.90782053 	 -0.00230602 	 0.00665147 
 0.92044957 	 -0.00198343 	 0.00585329 
 0.93325430 	 -0.00164257 	 0.00505108 
 0.94623716 	 -0.00129904 	 0.00434340 
 0.95940063 	 -0.00087846 	 0.00342294 
 0.97274722 	 -0.00063432 	 0.00270707 
 0.98627949 	 -0.00030167 	 0.00140534 
 