# pdf: NNPDF31_nlo_pch_as_0118
# Q0: 2 GeV 
# Nrep: 100
# [xmin, xmax, nx]: [10^(-3), 10^(0), 1001]
# 	 x 	 gluon(cv) 	 gluon(sd) 
 0.00100000 	 4.48067506 	 0.52396352 
 0.00100693 	 4.47851901 	 0.52074333 
 0.00101391 	 4.47636128 	 0.51753857 
 0.00102094 	 4.47420156 	 0.51434947 
 0.00102802 	 4.47203951 	 0.51117624 
 0.00103514 	 4.46987629 	 0.50801742 
 0.00104232 	 4.46771952 	 0.50486440 
 0.00104954 	 4.46556984 	 0.50171680 
 0.00105682 	 4.46342667 	 0.49857565 
 0.00106414 	 4.46128944 	 0.49544195 
 0.00107152 	 4.45915758 	 0.49231672 
 0.00107895 	 4.45703050 	 0.48920094 
 0.00108643 	 4.45490764 	 0.48609557 
 0.00109396 	 4.45278842 	 0.48300157 
 0.00110154 	 4.45067227 	 0.47991986 
 0.00110917 	 4.44855860 	 0.47685136 
 0.00111686 	 4.44644685 	 0.47379692 
 0.00112460 	 4.44433643 	 0.47075740 
 0.00113240 	 4.44222679 	 0.46773362 
 0.00114025 	 4.44011733 	 0.46472634 
 0.00114815 	 4.43800748 	 0.46173631 
 0.00115611 	 4.43589668 	 0.45876423 
 0.00116413 	 4.43378434 	 0.45581077 
 0.00117220 	 4.43166988 	 0.45287655 
 0.00118032 	 4.42955275 	 0.44996214 
 0.00118850 	 4.42743235 	 0.44706808 
 0.00119674 	 4.42530812 	 0.44419486 
 0.00120504 	 4.42317947 	 0.44134291 
 0.00121339 	 4.42104584 	 0.43851262 
 0.00122180 	 4.41890665 	 0.43570434 
 0.00123027 	 4.41676133 	 0.43291837 
 0.00123880 	 4.41460929 	 0.43015496 
 0.00124738 	 4.41244997 	 0.42741429 
 0.00125603 	 4.41028279 	 0.42469653 
 0.00126474 	 4.40810717 	 0.42200177 
 0.00127350 	 4.40592254 	 0.41933007 
 0.00128233 	 4.40372833 	 0.41668144 
 0.00129122 	 4.40152396 	 0.41405586 
 0.00130017 	 4.39930885 	 0.41145325 
 0.00130918 	 4.39708243 	 0.40887350 
 0.00131826 	 4.39484412 	 0.40631646 
 0.00132739 	 4.39259537 	 0.40378046 
 0.00133660 	 4.39034110 	 0.40126149 
 0.00134586 	 4.38808154 	 0.39875926 
 0.00135519 	 4.38581665 	 0.39627371 
 0.00136458 	 4.38354636 	 0.39380476 
 0.00137404 	 4.38127065 	 0.39135237 
 0.00138357 	 4.37898947 	 0.38891647 
 0.00139316 	 4.37670276 	 0.38649700 
 0.00140281 	 4.37441049 	 0.38409393 
 0.00141254 	 4.37211261 	 0.38170719 
 0.00142233 	 4.36980907 	 0.37933675 
 0.00143219 	 4.36749984 	 0.37698255 
 0.00144212 	 4.36518486 	 0.37464456 
 0.00145211 	 4.36286409 	 0.37232271 
 0.00146218 	 4.36053748 	 0.37001698 
 0.00147231 	 4.35820499 	 0.36772730 
 0.00148252 	 4.35586658 	 0.36545363 
 0.00149279 	 4.35352219 	 0.36319592 
 0.00150314 	 4.35117179 	 0.36095412 
 0.00151356 	 4.34881533 	 0.35872816 
 0.00152405 	 4.34645276 	 0.35651799 
 0.00153462 	 4.34408404 	 0.35432355 
 0.00154525 	 4.34170912 	 0.35214476 
 0.00155597 	 4.33932796 	 0.34998155 
 0.00156675 	 4.33694052 	 0.34783386 
 0.00157761 	 4.33454674 	 0.34570158 
 0.00158855 	 4.33214658 	 0.34358465 
 0.00159956 	 4.32974001 	 0.34148296 
 0.00161065 	 4.32732696 	 0.33939643 
 0.00162181 	 4.32490740 	 0.33732494 
 0.00163305 	 4.32248129 	 0.33526838 
 0.00164437 	 4.32004857 	 0.33322665 
 0.00165577 	 4.31760920 	 0.33119962 
 0.00166725 	 4.31516314 	 0.32918717 
 0.00167880 	 4.31271034 	 0.32718916 
 0.00169044 	 4.31025076 	 0.32520546 
 0.00170216 	 4.30778370 	 0.32323503 
 0.00171396 	 4.30530845 	 0.32127663 
 0.00172584 	 4.30282516 	 0.31933022 
 0.00173780 	 4.30033402 	 0.31739577 
 0.00174985 	 4.29783520 	 0.31547327 
 0.00176198 	 4.29532887 	 0.31356272 
 0.00177419 	 4.29281520 	 0.31166410 
 0.00178649 	 4.29029437 	 0.30977744 
 0.00179887 	 4.28776656 	 0.30790275 
 0.00181134 	 4.28523193 	 0.30604006 
 0.00182390 	 4.28269066 	 0.30418940 
 0.00183654 	 4.28014293 	 0.30235078 
 0.00184927 	 4.27758891 	 0.30052426 
 0.00186209 	 4.27502876 	 0.29870986 
 0.00187499 	 4.27246268 	 0.29690761 
 0.00188799 	 4.26989082 	 0.29511756 
 0.00190108 	 4.26731336 	 0.29333973 
 0.00191426 	 4.26473049 	 0.29157416 
 0.00192752 	 4.26214236 	 0.28982087 
 0.00194089 	 4.25954916 	 0.28807988 
 0.00195434 	 4.25695105 	 0.28635122 
 0.00196789 	 4.25434822 	 0.28463490 
 0.00198153 	 4.25174084 	 0.28293093 
 0.00199526 	 4.24912907 	 0.28123930 
 0.00200909 	 4.24651310 	 0.27956002 
 0.00202302 	 4.24389309 	 0.27789306 
 0.00203704 	 4.24126923 	 0.27623843 
 0.00205116 	 4.23864168 	 0.27459608 
 0.00206538 	 4.23601062 	 0.27296599 
 0.00207970 	 4.23337622 	 0.27134812 
 0.00209411 	 4.23073866 	 0.26974242 
 0.00210863 	 4.22809811 	 0.26814884 
 0.00212324 	 4.22545474 	 0.26656731 
 0.00213796 	 4.22280873 	 0.26499778 
 0.00215278 	 4.22016025 	 0.26344016 
 0.00216770 	 4.21750947 	 0.26189437 
 0.00218273 	 4.21485602 	 0.26035884 
 0.00219786 	 4.21219955 	 0.25883277 
 0.00221309 	 4.20953995 	 0.25731628 
 0.00222844 	 4.20687711 	 0.25580950 
 0.00224388 	 4.20421091 	 0.25431255 
 0.00225944 	 4.20154125 	 0.25282556 
 0.00227510 	 4.19886801 	 0.25134865 
 0.00229087 	 4.19619109 	 0.24988195 
 0.00230675 	 4.19351036 	 0.24842556 
 0.00232274 	 4.19082573 	 0.24697962 
 0.00233884 	 4.18813707 	 0.24554421 
 0.00235505 	 4.18544429 	 0.24411946 
 0.00237137 	 4.18274726 	 0.24270546 
 0.00238781 	 4.18004587 	 0.24130230 
 0.00240436 	 4.17734002 	 0.23991006 
 0.00242103 	 4.17462960 	 0.23852882 
 0.00243781 	 4.17191448 	 0.23715864 
 0.00245471 	 4.16919457 	 0.23579959 
 0.00247172 	 4.16646975 	 0.23445171 
 0.00248886 	 4.16373991 	 0.23311503 
 0.00250611 	 4.16100493 	 0.23178959 
 0.00252348 	 4.15826472 	 0.23047539 
 0.00254097 	 4.15551915 	 0.22917244 
 0.00255859 	 4.15276811 	 0.22788074 
 0.00257632 	 4.15001150 	 0.22660025 
 0.00259418 	 4.14724920 	 0.22533094 
 0.00261216 	 4.14448110 	 0.22407277 
 0.00263027 	 4.14170709 	 0.22282568 
 0.00264850 	 4.13892707 	 0.22158958 
 0.00266686 	 4.13614091 	 0.22036440 
 0.00268534 	 4.13334850 	 0.21915003 
 0.00270396 	 4.13054975 	 0.21794637 
 0.00272270 	 4.12774452 	 0.21675328 
 0.00274157 	 4.12493273 	 0.21557063 
 0.00276058 	 4.12211424 	 0.21439827 
 0.00277971 	 4.11928898 	 0.21323595 
 0.00279898 	 4.11645722 	 0.21208250 
 0.00281838 	 4.11361909 	 0.21093764 
 0.00283792 	 4.11077470 	 0.20980146 
 0.00285759 	 4.10792409 	 0.20867400 
 0.00287740 	 4.10506737 	 0.20755532 
 0.00289734 	 4.10220460 	 0.20644548 
 0.00291743 	 4.09933585 	 0.20534454 
 0.00293765 	 4.09646121 	 0.20425255 
 0.00295801 	 4.09358075 	 0.20316954 
 0.00297852 	 4.09069455 	 0.20209556 
 0.00299916 	 4.08780268 	 0.20103063 
 0.00301995 	 4.08490522 	 0.19997478 
 0.00304089 	 4.08200225 	 0.19892804 
 0.00306196 	 4.07909385 	 0.19789039 
 0.00308319 	 4.07618008 	 0.19686186 
 0.00310456 	 4.07326103 	 0.19584242 
 0.00312608 	 4.07033677 	 0.19483205 
 0.00314775 	 4.06740738 	 0.19383073 
 0.00316957 	 4.06447293 	 0.19283841 
 0.00319154 	 4.06153351 	 0.19185504 
 0.00321366 	 4.05858919 	 0.19088055 
 0.00323594 	 4.05564004 	 0.18991488 
 0.00325837 	 4.05268614 	 0.18895792 
 0.00328095 	 4.04972757 	 0.18800959 
 0.00330370 	 4.04676440 	 0.18706976 
 0.00332660 	 4.04379672 	 0.18613832 
 0.00334965 	 4.04082459 	 0.18521512 
 0.00337287 	 4.03784809 	 0.18430002 
 0.00339625 	 4.03486731 	 0.18339284 
 0.00341979 	 4.03188231 	 0.18249342 
 0.00344350 	 4.02889318 	 0.18160157 
 0.00346737 	 4.02589998 	 0.18071709 
 0.00349140 	 4.02290280 	 0.17983978 
 0.00351560 	 4.01990171 	 0.17896940 
 0.00353997 	 4.01689679 	 0.17810572 
 0.00356451 	 4.01388782 	 0.17724830 
 0.00358922 	 4.01087346 	 0.17639591 
 0.00361410 	 4.00785358 	 0.17554847 
 0.00363915 	 4.00482829 	 0.17470604 
 0.00366438 	 4.00179766 	 0.17386870 
 0.00368978 	 3.99876177 	 0.17303652 
 0.00371535 	 3.99572072 	 0.17220958 
 0.00374111 	 3.99267458 	 0.17138797 
 0.00376704 	 3.98962344 	 0.17057178 
 0.00379315 	 3.98656739 	 0.16976109 
 0.00381944 	 3.98350650 	 0.16895599 
 0.00384592 	 3.98044086 	 0.16815657 
 0.00387258 	 3.97737056 	 0.16736293 
 0.00389942 	 3.97429567 	 0.16657516 
 0.00392645 	 3.97121630 	 0.16579334 
 0.00395367 	 3.96813250 	 0.16501756 
 0.00398107 	 3.96504438 	 0.16424793 
 0.00400867 	 3.96195202 	 0.16348451 
 0.00403645 	 3.95885550 	 0.16272739 
 0.00406443 	 3.95575489 	 0.16197666 
 0.00409261 	 3.95265030 	 0.16123239 
 0.00412098 	 3.94954180 	 0.16049467 
 0.00414954 	 3.94642948 	 0.15976355 
 0.00417830 	 3.94331341 	 0.15903912 
 0.00420727 	 3.94019369 	 0.15832144 
 0.00423643 	 3.93707040 	 0.15761056 
 0.00426580 	 3.93394362 	 0.15690656 
 0.00429536 	 3.93081343 	 0.15620948 
 0.00432514 	 3.92767993 	 0.15551937 
 0.00435512 	 3.92454319 	 0.15483629 
 0.00438531 	 3.92140330 	 0.15416027 
 0.00441570 	 3.91826034 	 0.15349137 
 0.00444631 	 3.91511440 	 0.15282962 
 0.00447713 	 3.91196556 	 0.15217505 
 0.00450817 	 3.90881390 	 0.15152771 
 0.00453942 	 3.90565952 	 0.15088763 
 0.00457088 	 3.90250232 	 0.15025419 
 0.00460257 	 3.89934196 	 0.14962599 
 0.00463447 	 3.89617837 	 0.14900315 
 0.00466659 	 3.89301152 	 0.14838586 
 0.00469894 	 3.88984137 	 0.14777433 
 0.00473151 	 3.88666788 	 0.14716874 
 0.00476431 	 3.88349100 	 0.14656927 
 0.00479733 	 3.88031070 	 0.14597609 
 0.00483059 	 3.87712694 	 0.14538936 
 0.00486407 	 3.87393967 	 0.14480924 
 0.00489779 	 3.87074887 	 0.14423587 
 0.00493174 	 3.86755447 	 0.14366936 
 0.00496592 	 3.86435646 	 0.14310982 
 0.00500035 	 3.86115478 	 0.14255736 
 0.00503501 	 3.85794940 	 0.14201204 
 0.00506991 	 3.85474028 	 0.14147393 
 0.00510505 	 3.85152737 	 0.14094305 
 0.00514044 	 3.84831064 	 0.14041945 
 0.00517607 	 3.84509004 	 0.13990310 
 0.00521195 	 3.84186554 	 0.13939400 
 0.00524807 	 3.83863710 	 0.13889210 
 0.00528445 	 3.83540468 	 0.13839733 
 0.00532108 	 3.83216823 	 0.13790963 
 0.00535797 	 3.82892771 	 0.13742888 
 0.00539511 	 3.82568310 	 0.13695495 
 0.00543250 	 3.82243433 	 0.13648771 
 0.00547016 	 3.81918139 	 0.13602698 
 0.00550808 	 3.81592422 	 0.13557259 
 0.00554626 	 3.81266279 	 0.13512432 
 0.00558470 	 3.80939705 	 0.13468196 
 0.00562341 	 3.80612697 	 0.13424527 
 0.00566239 	 3.80285250 	 0.13381400 
 0.00570164 	 3.79957361 	 0.13338787 
 0.00574116 	 3.79629025 	 0.13296662 
 0.00578096 	 3.79300239 	 0.13254993 
 0.00582103 	 3.78970999 	 0.13213752 
 0.00586138 	 3.78641397 	 0.13172865 
 0.00590201 	 3.78311535 	 0.13132291 
 0.00594292 	 3.77981399 	 0.13092058 
 0.00598412 	 3.77650975 	 0.13052192 
 0.00602560 	 3.77320249 	 0.13012722 
 0.00606736 	 3.76989209 	 0.12973671 
 0.00610942 	 3.76657839 	 0.12935066 
 0.00615177 	 3.76326127 	 0.12896929 
 0.00619441 	 3.75994058 	 0.12859284 
 0.00623735 	 3.75661619 	 0.12822153 
 0.00628058 	 3.75328797 	 0.12785555 
 0.00632412 	 3.74995577 	 0.12749511 
 0.00636796 	 3.74661945 	 0.12714039 
 0.00641210 	 3.74327889 	 0.12679156 
 0.00645654 	 3.73993393 	 0.12644877 
 0.00650130 	 3.73658446 	 0.12611216 
 0.00654636 	 3.73323032 	 0.12578187 
 0.00659174 	 3.72987138 	 0.12545802 
 0.00663743 	 3.72650751 	 0.12514070 
 0.00668344 	 3.72313856 	 0.12483002 
 0.00672977 	 3.71976440 	 0.12452604 
 0.00677642 	 3.71638490 	 0.12422884 
 0.00682339 	 3.71299991 	 0.12393848 
 0.00687068 	 3.70960930 	 0.12365499 
 0.00691831 	 3.70621292 	 0.12337842 
 0.00696627 	 3.70281066 	 0.12310880 
 0.00701455 	 3.69940235 	 0.12284613 
 0.00706318 	 3.69598788 	 0.12259045 
 0.00711214 	 3.69256710 	 0.12234175 
 0.00716143 	 3.68913987 	 0.12210003 
 0.00721107 	 3.68570606 	 0.12186531 
 0.00726106 	 3.68226553 	 0.12163758 
 0.00731139 	 3.67881814 	 0.12141684 
 0.00736207 	 3.67536376 	 0.12120310 
 0.00741310 	 3.67190225 	 0.12099636 
 0.00746449 	 3.66843347 	 0.12079660 
 0.00751623 	 3.66495749 	 0.12060215 
 0.00756833 	 3.66147446 	 0.12041259 
 0.00762079 	 3.65798452 	 0.12022855 
 0.00767361 	 3.65448777 	 0.12005065 
 0.00772681 	 3.65098435 	 0.11987949 
 0.00778037 	 3.64747436 	 0.11971566 
 0.00783430 	 3.64395794 	 0.11955973 
 0.00788860 	 3.64043520 	 0.11941223 
 0.00794328 	 3.63690626 	 0.11927367 
 0.00799834 	 3.63337125 	 0.11914449 
 0.00805378 	 3.62983028 	 0.11902512 
 0.00810961 	 3.62628347 	 0.11891593 
 0.00816582 	 3.62273094 	 0.11881722 
 0.00822243 	 3.61917282 	 0.11872925 
 0.00827942 	 3.61560922 	 0.11865223 
 0.00833681 	 3.61204027 	 0.11858630 
 0.00839460 	 3.60846609 	 0.11853152 
 0.00845279 	 3.60488679 	 0.11848791 
 0.00851138 	 3.60130249 	 0.11845542 
 0.00857038 	 3.59771332 	 0.11843392 
 0.00862979 	 3.59411940 	 0.11842322 
 0.00868960 	 3.59052085 	 0.11842307 
 0.00874984 	 3.58691778 	 0.11843316 
 0.00881049 	 3.58331033 	 0.11845308 
 0.00887156 	 3.57969860 	 0.11848241 
 0.00893305 	 3.57608272 	 0.11852063 
 0.00899498 	 3.57246281 	 0.11856718 
 0.00905733 	 3.56883899 	 0.11862143 
 0.00912011 	 3.56521138 	 0.11868272 
 0.00918333 	 3.56158010 	 0.11875033 
 0.00924698 	 3.55794527 	 0.11882349 
 0.00931108 	 3.55430701 	 0.11890140 
 0.00937562 	 3.55066545 	 0.11898323 
 0.00944061 	 3.54702070 	 0.11906810 
 0.00950605 	 3.54337287 	 0.11915515 
 0.00957194 	 3.53972211 	 0.11924383 
 0.00963829 	 3.53606847 	 0.11933753 
 0.00970510 	 3.53241186 	 0.11943721 
 0.00977237 	 3.52875214 	 0.11954282 
 0.00984011 	 3.52508919 	 0.11965428 
 0.00990832 	 3.52142289 	 0.11977152 
 0.00997700 	 3.51775311 	 0.11989441 
 0.01004616 	 3.51407972 	 0.12002281 
 0.01011579 	 3.51040259 	 0.12015655 
 0.01018591 	 3.50672161 	 0.12029545 
 0.01025652 	 3.50303664 	 0.12043927 
 0.01032761 	 3.49934755 	 0.12058778 
 0.01039920 	 3.49565423 	 0.12074069 
 0.01047129 	 3.49195654 	 0.12089771 
 0.01054387 	 3.48825436 	 0.12105851 
 0.01061696 	 3.48454757 	 0.12122272 
 0.01069055 	 3.48083603 	 0.12138998 
 0.01076465 	 3.47711962 	 0.12155988 
 0.01083927 	 3.47339821 	 0.12173199 
 0.01091440 	 3.46967168 	 0.12190587 
 0.01099006 	 3.46593991 	 0.12208105 
 0.01106624 	 3.46220275 	 0.12225705 
 0.01114295 	 3.45846010 	 0.12243337 
 0.01122018 	 3.45471182 	 0.12260950 
 0.01129796 	 3.45095779 	 0.12278491 
 0.01137627 	 3.44719787 	 0.12295909 
 0.01145513 	 3.44343195 	 0.12313150 
 0.01153453 	 3.43965990 	 0.12330160 
 0.01161449 	 3.43588159 	 0.12346886 
 0.01169499 	 3.43209690 	 0.12363274 
 0.01177606 	 3.42830569 	 0.12379273 
 0.01185769 	 3.42450785 	 0.12394832 
 0.01193988 	 3.42070324 	 0.12409900 
 0.01202264 	 3.41689174 	 0.12424432 
 0.01210598 	 3.41307323 	 0.12438381 
 0.01218990 	 3.40924758 	 0.12451705 
 0.01227439 	 3.40541556 	 0.12464355 
 0.01235947 	 3.40158089 	 0.12476297 
 0.01244515 	 3.39774372 	 0.12487609 
 0.01253141 	 3.39390373 	 0.12498376 
 0.01261828 	 3.39006059 	 0.12508683 
 0.01270574 	 3.38621399 	 0.12518616 
 0.01279381 	 3.38236361 	 0.12528257 
 0.01288250 	 3.37850912 	 0.12537688 
 0.01297179 	 3.37465021 	 0.12546986 
 0.01306171 	 3.37078656 	 0.12556226 
 0.01315225 	 3.36691785 	 0.12565479 
 0.01324342 	 3.36304375 	 0.12574810 
 0.01333521 	 3.35916395 	 0.12584283 
 0.01342765 	 3.35527812 	 0.12593954 
 0.01352073 	 3.35138595 	 0.12603873 
 0.01361445 	 3.34748712 	 0.12614088 
 0.01370882 	 3.34358130 	 0.12624638 
 0.01380384 	 3.33966818 	 0.12635558 
 0.01389953 	 3.33574743 	 0.12646875 
 0.01399587 	 3.33181875 	 0.12658612 
 0.01409289 	 3.32788179 	 0.12670783 
 0.01419058 	 3.32393626 	 0.12683400 
 0.01428894 	 3.31998181 	 0.12696465 
 0.01438799 	 3.31601815 	 0.12709976 
 0.01448772 	 3.31204494 	 0.12723925 
 0.01458814 	 3.30806187 	 0.12738298 
 0.01468926 	 3.30406861 	 0.12753077 
 0.01479108 	 3.30006484 	 0.12768238 
 0.01489361 	 3.29605026 	 0.12783753 
 0.01499685 	 3.29202452 	 0.12799589 
 0.01510080 	 3.28798733 	 0.12815709 
 0.01520548 	 3.28393835 	 0.12832075 
 0.01531087 	 3.27987726 	 0.12848645 
 0.01541700 	 3.27580375 	 0.12865374 
 0.01552387 	 3.27171749 	 0.12882216 
 0.01563148 	 3.26761817 	 0.12899125 
 0.01573983 	 3.26350765 	 0.12916222 
 0.01584893 	 3.25939033 	 0.12933861 
 0.01595879 	 3.25526608 	 0.12952090 
 0.01606941 	 3.25113464 	 0.12970943 
 0.01618080 	 3.24699574 	 0.12990452 
 0.01629296 	 3.24284911 	 0.13010646 
 0.01640590 	 3.23869450 	 0.13031548 
 0.01651962 	 3.23453162 	 0.13053175 
 0.01663413 	 3.23036022 	 0.13075540 
 0.01674943 	 3.22618003 	 0.13098643 
 0.01686553 	 3.22199077 	 0.13122482 
 0.01698244 	 3.21779219 	 0.13147040 
 0.01710015 	 3.21358401 	 0.13172295 
 0.01721869 	 3.20936597 	 0.13198212 
 0.01733804 	 3.20513779 	 0.13224748 
 0.01745822 	 3.20089922 	 0.13251846 
 0.01757924 	 3.19664999 	 0.13279443 
 0.01770109 	 3.19238982 	 0.13307462 
 0.01782379 	 3.18811845 	 0.13335816 
 0.01794734 	 3.18383562 	 0.13364408 
 0.01807174 	 3.17954105 	 0.13393131 
 0.01819701 	 3.17523448 	 0.13421868 
 0.01832314 	 3.17091564 	 0.13450492 
 0.01845015 	 3.16658427 	 0.13478867 
 0.01857804 	 3.16224010 	 0.13506850 
 0.01870682 	 3.15788285 	 0.13534287 
 0.01883649 	 3.15351227 	 0.13561021 
 0.01896706 	 3.14912808 	 0.13586885 
 0.01909853 	 3.14473002 	 0.13611707 
 0.01923092 	 3.14031782 	 0.13635312 
 0.01936422 	 3.13589121 	 0.13657519 
 0.01949845 	 3.13144993 	 0.13678144 
 0.01963360 	 3.12699371 	 0.13697003 
 0.01976970 	 3.12252228 	 0.13713909 
 0.01990673 	 3.11803537 	 0.13728675 
 0.02004472 	 3.11353272 	 0.13741115 
 0.02018366 	 3.10901792 	 0.13751503 
 0.02032357 	 3.10449453 	 0.13760274 
 0.02046445 	 3.09996218 	 0.13767476 
 0.02060630 	 3.09542048 	 0.13773158 
 0.02074914 	 3.09086903 	 0.13777369 
 0.02089296 	 3.08630745 	 0.13780156 
 0.02103778 	 3.08173536 	 0.13781567 
 0.02118361 	 3.07715235 	 0.13781645 
 0.02133045 	 3.07255806 	 0.13780436 
 0.02147830 	 3.06795207 	 0.13777978 
 0.02162719 	 3.06333402 	 0.13774312 
 0.02177710 	 3.05870351 	 0.13769472 
 0.02192805 	 3.05406015 	 0.13763494 
 0.02208005 	 3.04940355 	 0.13756406 
 0.02223310 	 3.04473333 	 0.13748237 
 0.02238721 	 3.04004910 	 0.13739010 
 0.02254239 	 3.03535047 	 0.13728746 
 0.02269865 	 3.03063705 	 0.13717464 
 0.02285599 	 3.02590846 	 0.13705177 
 0.02301442 	 3.02116430 	 0.13691897 
 0.02317395 	 3.01640419 	 0.13677632 
 0.02333458 	 3.01162774 	 0.13662386 
 0.02349633 	 3.00683456 	 0.13646163 
 0.02365920 	 3.00202427 	 0.13628961 
 0.02382319 	 2.99719647 	 0.13610777 
 0.02398833 	 2.99235077 	 0.13591606 
 0.02415461 	 2.98748680 	 0.13571440 
 0.02432204 	 2.98260416 	 0.13550269 
 0.02449063 	 2.97770246 	 0.13528084 
 0.02466039 	 2.97278132 	 0.13504871 
 0.02483133 	 2.96784034 	 0.13480619 
 0.02500345 	 2.96287914 	 0.13455316 
 0.02517677 	 2.95789733 	 0.13428948 
 0.02535129 	 2.95289453 	 0.13401506 
 0.02552701 	 2.94787034 	 0.13372978 
 0.02570396 	 2.94282448 	 0.13343350 
 0.02588213 	 2.93775990 	 0.13312371 
 0.02606154 	 2.93267811 	 0.13279957 
 0.02624219 	 2.92757909 	 0.13246159 
 0.02642409 	 2.92246282 	 0.13211032 
 0.02660725 	 2.91732928 	 0.13174636 
 0.02679168 	 2.91217844 	 0.13137033 
 0.02697739 	 2.90701027 	 0.13098287 
 0.02716439 	 2.90182476 	 0.13058462 
 0.02735269 	 2.89662189 	 0.13017621 
 0.02754229 	 2.89140162 	 0.12975829 
 0.02773320 	 2.88616394 	 0.12933147 
 0.02792544 	 2.88090883 	 0.12889632 
 0.02811901 	 2.87563625 	 0.12845340 
 0.02831392 	 2.87034619 	 0.12800323 
 0.02851018 	 2.86503863 	 0.12754629 
 0.02870781 	 2.85971354 	 0.12708299 
 0.02890680 	 2.85437090 	 0.12661373 
 0.02910717 	 2.84901069 	 0.12613882 
 0.02930893 	 2.84363287 	 0.12565854 
 0.02951209 	 2.83823744 	 0.12517309 
 0.02971666 	 2.83282437 	 0.12468264 
 0.02992265 	 2.82739363 	 0.12418730 
 0.03013006 	 2.82194520 	 0.12368711 
 0.03033891 	 2.81647905 	 0.12318208 
 0.03054921 	 2.81099518 	 0.12267214 
 0.03076097 	 2.80549354 	 0.12215722 
 0.03097419 	 2.79997413 	 0.12163718 
 0.03118890 	 2.79443691 	 0.12111185 
 0.03140509 	 2.78888187 	 0.12058106 
 0.03162278 	 2.78330897 	 0.12004459 
 0.03184198 	 2.77771820 	 0.11950224 
 0.03206269 	 2.77210954 	 0.11895380 
 0.03228494 	 2.76648296 	 0.11839909 
 0.03250873 	 2.76083844 	 0.11783796 
 0.03273407 	 2.75517595 	 0.11727027 
 0.03296097 	 2.74949652 	 0.11669545 
 0.03318945 	 2.74380913 	 0.11610936 
 0.03341950 	 2.73811503 	 0.11551335 
 0.03365116 	 2.73241315 	 0.11491008 
 0.03388442 	 2.72670246 	 0.11430226 
 0.03411929 	 2.72098190 	 0.11369256 
 0.03435579 	 2.71525044 	 0.11308362 
 0.03459394 	 2.70950703 	 0.11247798 
 0.03483373 	 2.70375062 	 0.11187808 
 0.03507519 	 2.69798017 	 0.11128624 
 0.03531832 	 2.69219463 	 0.11070461 
 0.03556313 	 2.68639296 	 0.11013514 
 0.03580964 	 2.68057411 	 0.10957961 
 0.03605786 	 2.67473703 	 0.10903956 
 0.03630781 	 2.66888069 	 0.10851626 
 0.03655948 	 2.66300402 	 0.10801077 
 0.03681290 	 2.65710600 	 0.10752384 
 0.03706807 	 2.65118557 	 0.10705594 
 0.03732502 	 2.64524169 	 0.10660727 
 0.03758374 	 2.63927332 	 0.10617771 
 0.03784426 	 2.63327940 	 0.10576685 
 0.03810658 	 2.62725889 	 0.10537400 
 0.03837072 	 2.62121075 	 0.10499817 
 0.03863670 	 2.61513393 	 0.10463811 
 0.03890451 	 2.60902738 	 0.10429227 
 0.03917419 	 2.60289007 	 0.10395889 
 0.03944573 	 2.59672094 	 0.10363596 
 0.03971915 	 2.59051894 	 0.10332128 
 0.03999447 	 2.58428304 	 0.10301245 
 0.04027170 	 2.57801219 	 0.10270695 
 0.04055085 	 2.57170535 	 0.10240210 
 0.04083194 	 2.56536146 	 0.10209519 
 0.04111497 	 2.55897948 	 0.10178342 
 0.04139997 	 2.55255836 	 0.10146400 
 0.04168694 	 2.54609707 	 0.10113418 
 0.04197590 	 2.53959455 	 0.10079128 
 0.04226686 	 2.53305294 	 0.10043261 
 0.04255984 	 2.52648393 	 0.10005746 
 0.04285485 	 2.51988841 	 0.09966877 
 0.04315191 	 2.51326603 	 0.09926984 
 0.04345102 	 2.50661642 	 0.09886406 
 0.04375221 	 2.49993924 	 0.09845490 
 0.04405549 	 2.49323411 	 0.09804580 
 0.04436086 	 2.48650069 	 0.09764019 
 0.04466836 	 2.47973862 	 0.09724141 
 0.04497799 	 2.47294753 	 0.09685266 
 0.04528976 	 2.46612707 	 0.09647696 
 0.04560369 	 2.45927688 	 0.09611715 
 0.04591980 	 2.45239660 	 0.09577577 
 0.04623810 	 2.44548588 	 0.09545512 
 0.04655861 	 2.43854436 	 0.09515713 
 0.04688134 	 2.43157168 	 0.09488340 
 0.04720630 	 2.42456747 	 0.09463518 
 0.04753352 	 2.41753139 	 0.09441327 
 0.04786301 	 2.41046308 	 0.09421809 
 0.04819478 	 2.40336217 	 0.09404963 
 0.04852885 	 2.39622831 	 0.09390744 
 0.04886524 	 2.38906114 	 0.09379066 
 0.04920395 	 2.38186030 	 0.09369798 
 0.04954502 	 2.37462544 	 0.09362769 
 0.04988845 	 2.36735620 	 0.09357768 
 0.05023426 	 2.36005221 	 0.09354547 
 0.05058247 	 2.35271312 	 0.09352821 
 0.05093309 	 2.34533858 	 0.09352274 
 0.05128614 	 2.33792822 	 0.09352562 
 0.05164164 	 2.33048169 	 0.09353315 
 0.05199960 	 2.32299862 	 0.09354139 
 0.05236004 	 2.31547867 	 0.09354627 
 0.05272299 	 2.30792147 	 0.09354356 
 0.05308844 	 2.30032666 	 0.09352895 
 0.05345644 	 2.29269389 	 0.09349812 
 0.05382698 	 2.28502280 	 0.09344672 
 0.05420009 	 2.27731443 	 0.09337634 
 0.05457579 	 2.26957134 	 0.09329662 
 0.05495409 	 2.26179362 	 0.09320825 
 0.05533501 	 2.25398128 	 0.09311169 
 0.05571857 	 2.24613434 	 0.09300745 
 0.05610480 	 2.23825281 	 0.09289603 
 0.05649370 	 2.23033671 	 0.09277795 
 0.05688529 	 2.22238606 	 0.09265364 
 0.05727960 	 2.21440086 	 0.09252350 
 0.05767665 	 2.20638115 	 0.09238784 
 0.05807644 	 2.19832693 	 0.09224689 
 0.05847901 	 2.19023822 	 0.09210076 
 0.05888437 	 2.18211503 	 0.09194944 
 0.05929253 	 2.17395739 	 0.09179279 
 0.05970353 	 2.16576530 	 0.09163053 
 0.06011737 	 2.15753879 	 0.09146224 
 0.06053409 	 2.14927786 	 0.09128733 
 0.06095369 	 2.14098254 	 0.09110508 
 0.06137620 	 2.13265284 	 0.09091459 
 0.06180164 	 2.12428878 	 0.09071484 
 0.06223003 	 2.11589038 	 0.09050463 
 0.06266139 	 2.10745764 	 0.09028262 
 0.06309573 	 2.09899058 	 0.09004734 
 0.06353309 	 2.09048923 	 0.08979718 
 0.06397348 	 2.08195359 	 0.08953040 
 0.06441693 	 2.07338369 	 0.08924519 
 0.06486344 	 2.06477954 	 0.08893959 
 0.06531306 	 2.05614115 	 0.08861159 
 0.06576578 	 2.04746854 	 0.08825913 
 0.06622165 	 2.03876173 	 0.08788007 
 0.06668068 	 2.03002073 	 0.08747227 
 0.06714289 	 2.02124556 	 0.08703358 
 0.06760830 	 2.01243623 	 0.08656190 
 0.06807694 	 2.00359277 	 0.08605514 
 0.06854882 	 1.99471518 	 0.08551134 
 0.06902398 	 1.98580348 	 0.08492861 
 0.06950243 	 1.97684388 	 0.08429436 
 0.06998420 	 1.96782539 	 0.08360128 
 0.07046931 	 1.95875029 	 0.08285417 
 0.07095778 	 1.94962082 	 0.08205813 
 0.07144963 	 1.94043923 	 0.08121848 
 0.07194490 	 1.93120778 	 0.08034072 
 0.07244360 	 1.92192873 	 0.07943053 
 0.07294575 	 1.91260433 	 0.07849368 
 0.07345139 	 1.90323684 	 0.07753598 
 0.07396053 	 1.89382851 	 0.07656329 
 0.07447320 	 1.88438160 	 0.07558144 
 0.07498942 	 1.87489836 	 0.07459615 
 0.07550922 	 1.86538105 	 0.07361306 
 0.07603263 	 1.85583192 	 0.07263758 
 0.07655966 	 1.84625323 	 0.07167493 
 0.07709035 	 1.83664723 	 0.07073000 
 0.07762471 	 1.82701618 	 0.06980734 
 0.07816278 	 1.81736234 	 0.06891110 
 0.07870458 	 1.80768796 	 0.06804494 
 0.07925013 	 1.79799529 	 0.06721202 
 0.07979947 	 1.78828659 	 0.06641490 
 0.08035261 	 1.77856411 	 0.06565554 
 0.08090959 	 1.76883011 	 0.06493523 
 0.08147043 	 1.75908685 	 0.06425459 
 0.08203515 	 1.74933659 	 0.06361353 
 0.08260379 	 1.73958156 	 0.06301126 
 0.08317638 	 1.72982404 	 0.06244629 
 0.08375293 	 1.72006627 	 0.06191648 
 0.08433348 	 1.71031052 	 0.06141905 
 0.08491805 	 1.70055903 	 0.06095063 
 0.08550667 	 1.69081406 	 0.06050736 
 0.08609938 	 1.68107787 	 0.06008493 
 0.08669619 	 1.67135271 	 0.05967870 
 0.08729714 	 1.66164084 	 0.05928378 
 0.08790225 	 1.65194452 	 0.05889512 
 0.08851156 	 1.64226484 	 0.05850658 
 0.08912509 	 1.63257449 	 0.05808743 
 0.08974288 	 1.62286223 	 0.05762980 
 0.09036495 	 1.61312956 	 0.05713990 
 0.09099133 	 1.60337800 	 0.05662448 
 0.09162205 	 1.59360907 	 0.05609061 
 0.09225714 	 1.58382427 	 0.05554540 
 0.09289664 	 1.57402512 	 0.05499586 
 0.09354057 	 1.56421314 	 0.05444868 
 0.09418896 	 1.55438984 	 0.05391004 
 0.09484185 	 1.54455674 	 0.05338550 
 0.09549926 	 1.53471534 	 0.05287985 
 0.09616123 	 1.52486717 	 0.05239699 
 0.09682779 	 1.51501374 	 0.05193988 
 0.09749896 	 1.50515656 	 0.05151053 
 0.09817479 	 1.49529714 	 0.05110997 
 0.09885531 	 1.48543701 	 0.05073834 
 0.09954054 	 1.47557767 	 0.05039500 
 0.10023052 	 1.46571900 	 0.05007697 
 0.10092529 	 1.45584185 	 0.04976308 
 0.10162487 	 1.44594316 	 0.04945281 
 0.10232930 	 1.43602659 	 0.04915302 
 0.10303861 	 1.42609580 	 0.04887036 
 0.10375284 	 1.41615445 	 0.04861106 
 0.10447202 	 1.40620619 	 0.04838072 
 0.10519619 	 1.39625468 	 0.04818418 
 0.10592537 	 1.38630358 	 0.04802539 
 0.10665961 	 1.37635655 	 0.04790729 
 0.10739894 	 1.36641724 	 0.04783179 
 0.10814340 	 1.35648932 	 0.04779969 
 0.10889301 	 1.34657643 	 0.04781077 
 0.10964782 	 1.33668224 	 0.04786382 
 0.11040786 	 1.32681041 	 0.04795677 
 0.11117317 	 1.31696458 	 0.04808683 
 0.11194379 	 1.30714843 	 0.04825072 
 0.11271975 	 1.29736113 	 0.04844768 
 0.11350108 	 1.28759213 	 0.04868324 
 0.11428783 	 1.27784032 	 0.04895736 
 0.11508004 	 1.26810527 	 0.04926946 
 0.11587774 	 1.25838650 	 0.04961818 
 0.11668096 	 1.24868358 	 0.05000105 
 0.11748976 	 1.23899603 	 0.05041424 
 0.11830416 	 1.22932340 	 0.05085250 
 0.11912420 	 1.21966525 	 0.05130925 
 0.11994993 	 1.21002111 	 0.05177687 
 0.12078138 	 1.20039052 	 0.05224702 
 0.12161860 	 1.19077304 	 0.05271114 
 0.12246162 	 1.18116821 	 0.05316104 
 0.12331048 	 1.17157556 	 0.05358956 
 0.12416523 	 1.16199465 	 0.05399137 
 0.12502590 	 1.15240939 	 0.05436890 
 0.12589254 	 1.14279551 	 0.05474436 
 0.12676519 	 1.13316415 	 0.05513993 
 0.12764388 	 1.12352733 	 0.05557431 
 0.12852867 	 1.11389708 	 0.05606070 
 0.12941958 	 1.10428540 	 0.05660530 
 0.13031668 	 1.09470433 	 0.05720639 
 0.13121999 	 1.08516588 	 0.05785416 
 0.13212956 	 1.07568208 	 0.05853107 
 0.13304544 	 1.06626495 	 0.05921279 
 0.13396767 	 1.05692650 	 0.05986947 
 0.13489629 	 1.04767875 	 0.06046738 
 0.13583134 	 1.03853374 	 0.06097063 
 0.13677288 	 1.02950270 	 0.06134474 
 0.13772095 	 1.02058008 	 0.06159094 
 0.13867558 	 1.01175543 	 0.06172157 
 0.13963684 	 1.00302074 	 0.06174604 
 0.14060475 	 0.99436800 	 0.06167499 
 0.14157938 	 0.98578921 	 0.06151933 
 0.14256076 	 0.97727637 	 0.06128960 
 0.14354894 	 0.96882147 	 0.06099552 
 0.14454398 	 0.96041650 	 0.06064568 
 0.14554591 	 0.95205346 	 0.06024756 
 0.14655478 	 0.94372434 	 0.05980769 
 0.14757065 	 0.93542114 	 0.05933212 
 0.14859356 	 0.92713585 	 0.05882709 
 0.14962357 	 0.91887640 	 0.05825186 
 0.15066071 	 0.91066006 	 0.05756659 
 0.15170504 	 0.90248791 	 0.05679824 
 0.15275661 	 0.89436097 	 0.05597397 
 0.15381546 	 0.88628027 	 0.05511911 
 0.15488166 	 0.87824682 	 0.05425565 
 0.15595525 	 0.87026164 	 0.05340115 
 0.15703628 	 0.86232577 	 0.05256812 
 0.15812480 	 0.85444021 	 0.05176401 
 0.15922087 	 0.84660600 	 0.05099197 
 0.16032454 	 0.83882415 	 0.05025232 
 0.16143586 	 0.83110149 	 0.04953763 
 0.16255488 	 0.82346154 	 0.04881623 
 0.16368165 	 0.81589715 	 0.04809391 
 0.16481624 	 0.80839724 	 0.04738396 
 0.16595869 	 0.80095073 	 0.04669759 
 0.16710906 	 0.79354655 	 0.04604027 
 0.16826741 	 0.78617363 	 0.04540983 
 0.16943378 	 0.77882089 	 0.04479635 
 0.17060824 	 0.77147724 	 0.04418423 
 0.17179084 	 0.76413163 	 0.04355643 
 0.17298164 	 0.75677296 	 0.04290118 
 0.17418069 	 0.74938582 	 0.04221113 
 0.17538805 	 0.74197426 	 0.04152732 
 0.17660378 	 0.73455609 	 0.04092286 
 0.17782794 	 0.72714909 	 0.04045830 
 0.17906059 	 0.71977106 	 0.04016375 
 0.18030177 	 0.71243979 	 0.04002802 
 0.18155157 	 0.70517307 	 0.03999695 
 0.18281002 	 0.69798869 	 0.03998095 
 0.18407720 	 0.69090445 	 0.03987014 
 0.18535316 	 0.68393820 	 0.03955521 
 0.18663797 	 0.67710193 	 0.03899269 
 0.18793168 	 0.67038195 	 0.03824326 
 0.18923436 	 0.66375885 	 0.03739554 
 0.19054607 	 0.65721321 	 0.03654279 
 0.19186687 	 0.65072560 	 0.03576641 
 0.19319683 	 0.64427663 	 0.03512189 
 0.19453601 	 0.63784686 	 0.03462935 
 0.19588447 	 0.63141688 	 0.03427135 
 0.19724227 	 0.62496728 	 0.03399977 
 0.19860949 	 0.61850810 	 0.03376542 
 0.19998619 	 0.61206761 	 0.03355563 
 0.20137242 	 0.60564706 	 0.03336411 
 0.20276827 	 0.59924763 	 0.03318749 
 0.20417379 	 0.59287055 	 0.03302467 
 0.20558906 	 0.58651701 	 0.03287617 
 0.20701413 	 0.58018821 	 0.03274371 
 0.20844909 	 0.57388536 	 0.03262976 
 0.20989399 	 0.56760899 	 0.03253552 
 0.21134890 	 0.56135073 	 0.03243697 
 0.21281390 	 0.55511151 	 0.03233414 
 0.21428906 	 0.54889620 	 0.03223821 
 0.21577444 	 0.54270969 	 0.03215983 
 0.21727012 	 0.53655688 	 0.03210834 
 0.21877616 	 0.53044263 	 0.03209129 
 0.22029265 	 0.52437184 	 0.03211431 
 0.22181964 	 0.51834930 	 0.03218123 
 0.22335722 	 0.51237229 	 0.03228335 
 0.22490546 	 0.50643716 	 0.03241474 
 0.22646443 	 0.50054366 	 0.03257538 
 0.22803421 	 0.49469153 	 0.03276426 
 0.22961486 	 0.48888050 	 0.03297936 
 0.23120648 	 0.48311031 	 0.03321778 
 0.23280913 	 0.47738069 	 0.03347592 
 0.23442288 	 0.47169219 	 0.03375096 
 0.23604782 	 0.46605110 	 0.03405120 
 0.23768403 	 0.46045632 	 0.03437718 
 0.23933158 	 0.45490472 	 0.03472485 
 0.24099054 	 0.44939317 	 0.03508812 
 0.24266101 	 0.44391853 	 0.03545880 
 0.24434306 	 0.43847767 	 0.03582677 
 0.24603676 	 0.43306750 	 0.03618029 
 0.24774221 	 0.42770032 	 0.03653992 
 0.24945947 	 0.42238154 	 0.03691746 
 0.25118864 	 0.41710234 	 0.03729438 
 0.25292980 	 0.41185389 	 0.03764952 
 0.25468303 	 0.40662735 	 0.03795936 
 0.25644840 	 0.40141390 	 0.03819871 
 0.25822602 	 0.39620474 	 0.03834169 
 0.26001596 	 0.39100191 	 0.03837447 
 0.26181830 	 0.38581323 	 0.03831442 
 0.26363314 	 0.38064149 	 0.03818389 
 0.26546056 	 0.37548949 	 0.03800491 
 0.26730064 	 0.37036000 	 0.03779858 
 0.26915348 	 0.36525583 	 0.03758454 
 0.27101916 	 0.36017679 	 0.03737646 
 0.27289778 	 0.35510249 	 0.03715417 
 0.27478942 	 0.35004138 	 0.03692610 
 0.27669416 	 0.34500932 	 0.03670017 
 0.27861212 	 0.34002218 	 0.03647183 
 0.28054336 	 0.33509584 	 0.03622440 
 0.28248800 	 0.33024615 	 0.03593193 
 0.28444611 	 0.32547684 	 0.03555799 
 0.28641780 	 0.32077655 	 0.03510076 
 0.28840315 	 0.31613725 	 0.03458373 
 0.29040227 	 0.31155091 	 0.03403314 
 0.29241524 	 0.30700952 	 0.03347581 
 0.29444216 	 0.30250504 	 0.03293778 
 0.29648314 	 0.29804398 	 0.03241816 
 0.29853826 	 0.29363760 	 0.03189543 
 0.30060763 	 0.28927794 	 0.03137439 
 0.30269134 	 0.28495694 	 0.03085792 
 0.30478950 	 0.28066654 	 0.03034620 
 0.30690220 	 0.27639868 	 0.02983690 
 0.30902954 	 0.27214699 	 0.02932204 
 0.31117163 	 0.26791832 	 0.02880679 
 0.31332857 	 0.26372381 	 0.02830349 
 0.31550046 	 0.25957459 	 0.02782057 
 0.31768741 	 0.25548181 	 0.02736232 
 0.31988951 	 0.25145749 	 0.02693323 
 0.32210688 	 0.24750960 	 0.02654540 
 0.32433962 	 0.24362322 	 0.02619875 
 0.32658783 	 0.23978049 	 0.02588568 
 0.32885163 	 0.23596353 	 0.02558831 
 0.33113112 	 0.23215448 	 0.02528103 
 0.33342641 	 0.22832927 	 0.02493026 
 0.33573761 	 0.22450137 	 0.02457788 
 0.33806484 	 0.22070728 	 0.02429372 
 0.34040819 	 0.21698349 	 0.02411106 
 0.34276779 	 0.21336650 	 0.02402929 
 0.34514374 	 0.20987472 	 0.02406010 
 0.34753616 	 0.20648243 	 0.02423853 
 0.34994517 	 0.20317922 	 0.02455075 
 0.35237087 	 0.19995553 	 0.02493769 
 0.35481339 	 0.19680179 	 0.02528846 
 0.35727284 	 0.19373056 	 0.02553235 
 0.35974934 	 0.19076874 	 0.02576167 
 0.36224300 	 0.18787816 	 0.02594553 
 0.36475395 	 0.18501807 	 0.02602354 
 0.36728230 	 0.18214774 	 0.02591897 
 0.36982818 	 0.17923203 	 0.02554229 
 0.37239171 	 0.17629289 	 0.02494998 
 0.37497300 	 0.17338068 	 0.02431330 
 0.37757219 	 0.17054584 	 0.02375279 
 0.38018940 	 0.16783983 	 0.02332684 
 0.38282474 	 0.16532086 	 0.02303262 
 0.38547836 	 0.16292924 	 0.02292259 
 0.38815037 	 0.16056612 	 0.02298632 
 0.39084090 	 0.15813266 	 0.02306819 
 0.39355008 	 0.15555118 	 0.02293414 
 0.39627803 	 0.15286810 	 0.02254990 
 0.39902490 	 0.15013190 	 0.02201688 
 0.40179081 	 0.14738609 	 0.02145800 
 0.40457589 	 0.14467141 	 0.02099410 
 0.40738028 	 0.14193349 	 0.02059368 
 0.41020410 	 0.13918443 	 0.02026235 
 0.41304750 	 0.13649141 	 0.02004866 
 0.41591061 	 0.13392159 	 0.01995968 
 0.41879357 	 0.13150893 	 0.01998526 
 0.42169650 	 0.12921456 	 0.02013186 
 0.42461956 	 0.12701079 	 0.02037573 
 0.42756289 	 0.12487020 	 0.02066516 
 0.43052661 	 0.12277309 	 0.02095436 
 0.43351088 	 0.12073386 	 0.02127004 
 0.43651583 	 0.11876867 	 0.02163233 
 0.43954162 	 0.11689313 	 0.02204693 
 0.44258837 	 0.11515545 	 0.02255828 
 0.44565625 	 0.11359707 	 0.02329605 
 0.44874539 	 0.11207582 	 0.02417817 
 0.45185594 	 0.11043869 	 0.02495340 
 0.45498806 	 0.10858499 	 0.02535014 
 0.45814189 	 0.10659375 	 0.02543976 
 0.46131757 	 0.10450690 	 0.02530745 
 0.46451528 	 0.10236149 	 0.02502657 
 0.46773514 	 0.10015281 	 0.02456875 
 0.47097733 	 0.09786132 	 0.02391924 
 0.47424199 	 0.09553385 	 0.02323797 
 0.47752927 	 0.09321610 	 0.02263490 
 0.48083935 	 0.09086574 	 0.02210681 
 0.48417237 	 0.08850283 	 0.02165695 
 0.48752849 	 0.08620648 	 0.02124439 
 0.49090788 	 0.08404428 	 0.02073422 
 0.49431069 	 0.08199162 	 0.02007137 
 0.49773708 	 0.08002405 	 0.01938231 
 0.50118723 	 0.07812410 	 0.01879095 
 0.50466130 	 0.07630166 	 0.01832463 
 0.50815944 	 0.07455876 	 0.01797020 
 0.51168184 	 0.07285688 	 0.01774744 
 0.51522864 	 0.07116979 	 0.01765003 
 0.51880004 	 0.06953193 	 0.01779919 
 0.52239619 	 0.06790191 	 0.01813373 
 0.52601727 	 0.06622372 	 0.01834697 
 0.52966344 	 0.06449587 	 0.01823355 
 0.53333490 	 0.06273140 	 0.01794526 
 0.53703180 	 0.06091666 	 0.01758597 
 0.54075432 	 0.05901484 	 0.01714866 
 0.54450265 	 0.05702913 	 0.01669780 
 0.54827696 	 0.05507048 	 0.01644480 
 0.55207744 	 0.05322867 	 0.01636735 
 0.55590426 	 0.05146044 	 0.01639915 
 0.55975760 	 0.04977427 	 0.01649846 
 0.56363766 	 0.04819904 	 0.01663156 
 0.56754461 	 0.04677850 	 0.01687057 
 0.57147864 	 0.04540854 	 0.01720234 
 0.57543994 	 0.04396091 	 0.01737626 
 0.57942870 	 0.04242770 	 0.01723783 
 0.58344510 	 0.04086474 	 0.01694759 
 0.58748935 	 0.03931383 	 0.01665174 
 0.59156163 	 0.03778172 	 0.01630516 
 0.59566214 	 0.03624649 	 0.01589135 
 0.59979108 	 0.03468795 	 0.01544752 
 0.60394863 	 0.03309302 	 0.01496410 
 0.60813500 	 0.03149208 	 0.01448206 
 0.61235039 	 0.02992245 	 0.01404508 
 0.61659500 	 0.02838618 	 0.01364699 
 0.62086903 	 0.02686185 	 0.01329191 
 0.62517269 	 0.02532271 	 0.01299490 
 0.62950618 	 0.02375502 	 0.01278816 
 0.63386971 	 0.02224318 	 0.01268948 
 0.63826349 	 0.02086167 	 0.01263141 
 0.64268772 	 0.01958153 	 0.01258745 
 0.64714262 	 0.01835950 	 0.01252943 
 0.65162839 	 0.01717640 	 0.01245191 
 0.65614527 	 0.01604789 	 0.01238523 
 0.66069345 	 0.01498336 	 0.01228365 
 0.66527316 	 0.01400669 	 0.01206259 
 0.66988461 	 0.01306049 	 0.01183069 
 0.67452803 	 0.01207298 	 0.01175731 
 0.67920363 	 0.01106064 	 0.01189911 
 0.68391165 	 0.01008840 	 0.01204061 
 0.68865230 	 0.00918071 	 0.01195856 
 0.69342581 	 0.00832078 	 0.01175597 
 0.69823240 	 0.00750996 	 0.01152241 
 0.70307232 	 0.00675316 	 0.01123342 
 0.70794578 	 0.00602589 	 0.01096215 
 0.71285303 	 0.00531164 	 0.01074319 
 0.71779429 	 0.00462383 	 0.01054900 
 0.72276980 	 0.00397792 	 0.01035897 
 0.72777980 	 0.00337552 	 0.01016841 
 0.73282453 	 0.00279116 	 0.00999908 
 0.73790423 	 0.00221126 	 0.00987228 
 0.74301914 	 0.00165171 	 0.00979202 
 0.74816950 	 0.00113321 	 0.00973882 
 0.75335556 	 0.00064799 	 0.00972879 
 0.75857758 	 0.00014634 	 0.00982829 
 0.76383578 	 -0.00039238 	 0.01008098 
 0.76913044 	 -0.00087816 	 0.01034874 
 0.77446180 	 -0.00125397 	 0.01049084 
 0.77983011 	 -0.00157325 	 0.01059332 
 0.78523563 	 -0.00188258 	 0.01073870 
 0.79067863 	 -0.00216556 	 0.01089130 
 0.79615935 	 -0.00240886 	 0.01091393 
 0.80167806 	 -0.00261367 	 0.01079795 
 0.80723503 	 -0.00276799 	 0.01061827 
 0.81283052 	 -0.00286331 	 0.01035712 
 0.81846479 	 -0.00293590 	 0.01010823 
 0.82413812 	 -0.00299752 	 0.00990096 
 0.82985077 	 -0.00304392 	 0.00972827 
 0.83560302 	 -0.00307506 	 0.00958674 
 0.84139514 	 -0.00309525 	 0.00946248 
 0.84722741 	 -0.00311259 	 0.00934540 
 0.85310011 	 -0.00311985 	 0.00922301 
 0.85901352 	 -0.00310996 	 0.00907681 
 0.86496792 	 -0.00308113 	 0.00890028 
 0.87096359 	 -0.00302216 	 0.00867426 
 0.87700082 	 -0.00293901 	 0.00840644 
 0.88307990 	 -0.00284267 	 0.00811565 
 0.88920112 	 -0.00273048 	 0.00779305 
 0.89536477 	 -0.00259959 	 0.00742985 
 0.90157114 	 -0.00245428 	 0.00703865 
 0.90782053 	 -0.00230602 	 0.00665147 
 0.91411324 	 -0.00215083 	 0.00625594 
 0.92044957 	 -0.00198343 	 0.00585329 
 0.92682982 	 -0.00181063 	 0.00545886 
 0.93325430 	 -0.00164257 	 0.00505108 
 0.93972331 	 -0.00147227 	 0.00464916 
 0.94623716 	 -0.00129904 	 0.00434340 
 0.95279616 	 -0.00110863 	 0.00398976 
 0.95940063 	 -0.00087846 	 0.00342294 
 0.96605088 	 -0.00071165 	 0.00297445 
 0.97274722 	 -0.00063432 	 0.00270707 
 0.97948999 	 -0.00049399 	 0.00217896 
 0.98627949 	 -0.00030167 	 0.00140534 
 0.99311605 	 -0.00014385 	 0.00069737 
 