# pdf: NNPDF31_nlo_pch_as_0118
# Q0: 2 GeV 
# Nrep: 100
# [xmin, xmax, nx]: [10^(-4), 10^(0), 1001]
# 	 x 	 gluon(cv) 	 gluon(sd) 
 0.00010000 	 5.57359213 	 2.29762387 
 0.00010093 	 5.56902635 	 2.28764032 
 0.00010186 	 5.56449587 	 2.27767550 
 0.00010280 	 5.55998824 	 2.26772825 
 0.00010375 	 5.55549099 	 2.25779730 
 0.00010471 	 5.55099165 	 2.24788127 
 0.00010568 	 5.54647776 	 2.23797861 
 0.00010666 	 5.54193686 	 2.22808765 
 0.00010765 	 5.53735648 	 2.21820660 
 0.00010864 	 5.53272416 	 2.20833353 
 0.00010965 	 5.52802743 	 2.19846645 
 0.00011066 	 5.52325382 	 2.18860335 
 0.00011169 	 5.51839509 	 2.17874216 
 0.00011272 	 5.51353087 	 2.16888124 
 0.00011376 	 5.50869423 	 2.15902234 
 0.00011482 	 5.50388324 	 2.14916794 
 0.00011588 	 5.49909602 	 2.13932046 
 0.00011695 	 5.49433065 	 2.12948224 
 0.00011803 	 5.48958523 	 2.11965551 
 0.00011912 	 5.48485785 	 2.10984239 
 0.00012023 	 5.48014662 	 2.10004483 
 0.00012134 	 5.47544962 	 2.09026463 
 0.00012246 	 5.47076496 	 2.08050341 
 0.00012359 	 5.46609073 	 2.07076261 
 0.00012474 	 5.46142502 	 2.06104346 
 0.00012589 	 5.45676593 	 2.05134697 
 0.00012706 	 5.45211157 	 2.04167395 
 0.00012823 	 5.44746001 	 2.03202500 
 0.00012942 	 5.44280936 	 2.02240046 
 0.00013062 	 5.43815772 	 2.01280049 
 0.00013183 	 5.43350317 	 2.00322502 
 0.00013305 	 5.42884383 	 1.99367376 
 0.00013428 	 5.42417777 	 1.98414623 
 0.00013552 	 5.41950310 	 1.97464176 
 0.00013677 	 5.41481792 	 1.96515950 
 0.00013804 	 5.41012031 	 1.95569846 
 0.00013932 	 5.40540839 	 1.94625749 
 0.00014060 	 5.40068023 	 1.93683537 
 0.00014191 	 5.39593394 	 1.92743076 
 0.00014322 	 5.39116802 	 1.91803775 
 0.00014454 	 5.38638534 	 1.90861695 
 0.00014588 	 5.38158798 	 1.89916357 
 0.00014723 	 5.37677732 	 1.88968276 
 0.00014859 	 5.37195478 	 1.88017985 
 0.00014997 	 5.36712175 	 1.87066025 
 0.00015136 	 5.36227964 	 1.86112950 
 0.00015276 	 5.35742985 	 1.85159319 
 0.00015417 	 5.35257378 	 1.84205697 
 0.00015560 	 5.34771283 	 1.83252654 
 0.00015704 	 5.34284840 	 1.82300761 
 0.00015849 	 5.33798190 	 1.81350590 
 0.00015996 	 5.33311473 	 1.80402712 
 0.00016144 	 5.32824828 	 1.79457696 
 0.00016293 	 5.32338397 	 1.78516110 
 0.00016444 	 5.31852318 	 1.77578518 
 0.00016596 	 5.31366733 	 1.76645478 
 0.00016749 	 5.30881782 	 1.75717547 
 0.00016904 	 5.30397605 	 1.74795277 
 0.00017061 	 5.29914341 	 1.73879215 
 0.00017219 	 5.29432132 	 1.72969907 
 0.00017378 	 5.28951116 	 1.72067894 
 0.00017539 	 5.28471436 	 1.71173717 
 0.00017701 	 5.27993229 	 1.70287915 
 0.00017865 	 5.27516638 	 1.69411031 
 0.00018030 	 5.27041802 	 1.68543607 
 0.00018197 	 5.26568860 	 1.67686195 
 0.00018365 	 5.26098387 	 1.66839391 
 0.00018535 	 5.25632306 	 1.66003496 
 0.00018707 	 5.25170441 	 1.65178020 
 0.00018880 	 5.24712333 	 1.64362420 
 0.00019055 	 5.24257526 	 1.63556160 
 0.00019231 	 5.23805564 	 1.62758705 
 0.00019409 	 5.23355990 	 1.61969513 
 0.00019588 	 5.22908347 	 1.61188035 
 0.00019770 	 5.22462178 	 1.60413707 
 0.00019953 	 5.22017027 	 1.59645950 
 0.00020137 	 5.21572438 	 1.58884166 
 0.00020324 	 5.21127953 	 1.58127735 
 0.00020512 	 5.20683115 	 1.57376015 
 0.00020701 	 5.20237469 	 1.56628338 
 0.00020893 	 5.19790557 	 1.55884011 
 0.00021086 	 5.19341924 	 1.55142316 
 0.00021281 	 5.18891111 	 1.54402510 
 0.00021478 	 5.18437662 	 1.53663826 
 0.00021677 	 5.17981122 	 1.52925475 
 0.00021878 	 5.17521032 	 1.52186647 
 0.00022080 	 5.17056937 	 1.51446516 
 0.00022284 	 5.16588380 	 1.50704242 
 0.00022491 	 5.16114904 	 1.49958977 
 0.00022699 	 5.15636052 	 1.49209867 
 0.00022909 	 5.15151368 	 1.48456061 
 0.00023121 	 5.14660395 	 1.47696717 
 0.00023335 	 5.14162676 	 1.46931008 
 0.00023550 	 5.13658175 	 1.46159552 
 0.00023768 	 5.13147948 	 1.45385920 
 0.00023988 	 5.12632345 	 1.44610508 
 0.00024210 	 5.12111661 	 1.43833516 
 0.00024434 	 5.11586190 	 1.43055150 
 0.00024660 	 5.11056227 	 1.42275620 
 0.00024889 	 5.10522068 	 1.41495139 
 0.00025119 	 5.09984006 	 1.40713924 
 0.00025351 	 5.09442337 	 1.39932189 
 0.00025586 	 5.08897356 	 1.39150147 
 0.00025823 	 5.08349357 	 1.38368009 
 0.00026062 	 5.07798636 	 1.37585981 
 0.00026303 	 5.07245486 	 1.36804264 
 0.00026546 	 5.06690204 	 1.36023051 
 0.00026792 	 5.06133083 	 1.35242530 
 0.00027040 	 5.05574419 	 1.34462877 
 0.00027290 	 5.05014506 	 1.33684261 
 0.00027542 	 5.04453640 	 1.32906839 
 0.00027797 	 5.03892114 	 1.32130758 
 0.00028054 	 5.03330225 	 1.31356154 
 0.00028314 	 5.02768266 	 1.30583152 
 0.00028576 	 5.02206532 	 1.29811862 
 0.00028840 	 5.01645319 	 1.29042386 
 0.00029107 	 5.01084922 	 1.28274811 
 0.00029376 	 5.00525634 	 1.27509215 
 0.00029648 	 4.99967751 	 1.26745661 
 0.00029923 	 4.99411568 	 1.25984205 
 0.00030200 	 4.98854293 	 1.25222362 
 0.00030479 	 4.98291455 	 1.24456701 
 0.00030761 	 4.97723610 	 1.23688204 
 0.00031046 	 4.97151379 	 1.22917902 
 0.00031333 	 4.96575384 	 1.22146804 
 0.00031623 	 4.95996248 	 1.21375895 
 0.00031915 	 4.95414592 	 1.20606122 
 0.00032211 	 4.94831039 	 1.19838393 
 0.00032509 	 4.94246210 	 1.19073567 
 0.00032810 	 4.93660728 	 1.18312453 
 0.00033113 	 4.93075214 	 1.17555798 
 0.00033420 	 4.92490291 	 1.16804289 
 0.00033729 	 4.91906580 	 1.16058545 
 0.00034041 	 4.91324704 	 1.15319118 
 0.00034356 	 4.90745285 	 1.14586484 
 0.00034674 	 4.90168944 	 1.13861049 
 0.00034995 	 4.89596304 	 1.13143144 
 0.00035318 	 4.89027987 	 1.12433028 
 0.00035645 	 4.88464614 	 1.11730884 
 0.00035975 	 4.87906808 	 1.11036830 
 0.00036308 	 4.87355190 	 1.10350913 
 0.00036644 	 4.86810384 	 1.09673121 
 0.00036983 	 4.86273010 	 1.09003384 
 0.00037325 	 4.85743690 	 1.08341584 
 0.00037670 	 4.85223048 	 1.07687561 
 0.00038019 	 4.84711704 	 1.07041121 
 0.00038371 	 4.84210280 	 1.06402051 
 0.00038726 	 4.83717290 	 1.05769085 
 0.00039084 	 4.83230895 	 1.05140966 
 0.00039446 	 4.82750888 	 1.04517361 
 0.00039811 	 4.82277062 	 1.03897972 
 0.00040179 	 4.81809212 	 1.03282531 
 0.00040551 	 4.81347130 	 1.02670799 
 0.00040926 	 4.80890612 	 1.02062561 
 0.00041305 	 4.80439450 	 1.01457627 
 0.00041687 	 4.79993437 	 1.00855826 
 0.00042073 	 4.79552369 	 1.00257006 
 0.00042462 	 4.79116039 	 0.99661031 
 0.00042855 	 4.78684239 	 0.99067779 
 0.00043251 	 4.78256764 	 0.98477140 
 0.00043652 	 4.77833408 	 0.97889014 
 0.00044055 	 4.77413965 	 0.97303308 
 0.00044463 	 4.76998227 	 0.96719940 
 0.00044875 	 4.76585989 	 0.96138830 
 0.00045290 	 4.76177044 	 0.95559904 
 0.00045709 	 4.75771187 	 0.94983093 
 0.00046132 	 4.75368210 	 0.94408329 
 0.00046559 	 4.74967908 	 0.93835547 
 0.00046989 	 4.74570073 	 0.93264684 
 0.00047424 	 4.74174501 	 0.92695681 
 0.00047863 	 4.73780985 	 0.92128478 
 0.00048306 	 4.73389317 	 0.91563020 
 0.00048753 	 4.72999293 	 0.90999255 
 0.00049204 	 4.72610767 	 0.90437139 
 0.00049659 	 4.72225995 	 0.89876862 
 0.00050119 	 4.71846032 	 0.89318505 
 0.00050582 	 4.71470661 	 0.88762040 
 0.00051050 	 4.71099662 	 0.88207445 
 0.00051523 	 4.70732818 	 0.87654709 
 0.00052000 	 4.70369911 	 0.87103824 
 0.00052481 	 4.70010721 	 0.86554788 
 0.00052966 	 4.69655032 	 0.86007601 
 0.00053456 	 4.69302623 	 0.85462269 
 0.00053951 	 4.68953278 	 0.84918795 
 0.00054450 	 4.68606777 	 0.84377187 
 0.00054954 	 4.68262903 	 0.83837450 
 0.00055463 	 4.67921437 	 0.83299589 
 0.00055976 	 4.67582160 	 0.82763605 
 0.00056494 	 4.67244856 	 0.82229500 
 0.00057016 	 4.66909304 	 0.81697270 
 0.00057544 	 4.66575287 	 0.81166908 
 0.00058076 	 4.66242587 	 0.80638404 
 0.00058614 	 4.65910985 	 0.80111744 
 0.00059156 	 4.65580262 	 0.79586907 
 0.00059704 	 4.65250202 	 0.79063870 
 0.00060256 	 4.64920584 	 0.78542605 
 0.00060814 	 4.64591192 	 0.78023078 
 0.00061376 	 4.64261806 	 0.77505253 
 0.00061944 	 4.63932208 	 0.76989089 
 0.00062517 	 4.63602180 	 0.76474542 
 0.00063096 	 4.63271631 	 0.75961614 
 0.00063680 	 4.62942018 	 0.75450886 
 0.00064269 	 4.62613792 	 0.74942511 
 0.00064863 	 4.62286925 	 0.74436451 
 0.00065464 	 4.61961385 	 0.73932670 
 0.00066069 	 4.61637144 	 0.73431129 
 0.00066681 	 4.61314171 	 0.72931788 
 0.00067298 	 4.60992436 	 0.72434606 
 0.00067920 	 4.60671910 	 0.71939536 
 0.00068549 	 4.60352562 	 0.71446532 
 0.00069183 	 4.60034363 	 0.70955540 
 0.00069823 	 4.59717283 	 0.70466505 
 0.00070469 	 4.59401291 	 0.69979367 
 0.00071121 	 4.59086359 	 0.69494059 
 0.00071779 	 4.58772455 	 0.69010511 
 0.00072444 	 4.58459551 	 0.68528648 
 0.00073114 	 4.58147616 	 0.68048389 
 0.00073790 	 4.57836621 	 0.67569646 
 0.00074473 	 4.57526535 	 0.67092328 
 0.00075162 	 4.57217328 	 0.66616340 
 0.00075858 	 4.56908972 	 0.66141578 
 0.00076560 	 4.56601435 	 0.65667936 
 0.00077268 	 4.56294688 	 0.65195304 
 0.00077983 	 4.55988701 	 0.64723567 
 0.00078705 	 4.55683445 	 0.64252608 
 0.00079433 	 4.55378888 	 0.63782305 
 0.00080168 	 4.55075002 	 0.63312538 
 0.00080910 	 4.54771871 	 0.62843188 
 0.00081658 	 4.54470165 	 0.62374257 
 0.00082414 	 4.54169931 	 0.61905865 
 0.00083176 	 4.53871093 	 0.61438135 
 0.00083946 	 4.53573572 	 0.60971190 
 0.00084723 	 4.53277290 	 0.60505152 
 0.00085507 	 4.52982170 	 0.60040140 
 0.00086298 	 4.52688134 	 0.59576273 
 0.00087096 	 4.52395104 	 0.59113667 
 0.00087902 	 4.52103003 	 0.58652435 
 0.00088716 	 4.51811752 	 0.58192688 
 0.00089536 	 4.51521275 	 0.57734536 
 0.00090365 	 4.51231492 	 0.57278085 
 0.00091201 	 4.50942326 	 0.56823437 
 0.00092045 	 4.50653700 	 0.56370692 
 0.00092897 	 4.50365536 	 0.55919947 
 0.00093756 	 4.50077755 	 0.55471295 
 0.00094624 	 4.49790281 	 0.55024825 
 0.00095499 	 4.49503035 	 0.54580622 
 0.00096383 	 4.49215939 	 0.54138769 
 0.00097275 	 4.48928916 	 0.53699344 
 0.00098175 	 4.48641888 	 0.53262420 
 0.00099083 	 4.48354778 	 0.52828068 
 0.00100000 	 4.48067506 	 0.52396352 
 0.00100925 	 4.47779997 	 0.51967335 
 0.00101859 	 4.47492171 	 0.51541075 
 0.00102802 	 4.47203951 	 0.51117624 
 0.00103753 	 4.46915654 	 0.50696587 
 0.00104713 	 4.46628565 	 0.50276533 
 0.00105682 	 4.46342667 	 0.49857565 
 0.00106660 	 4.46057825 	 0.49439922 
 0.00107647 	 4.45773903 	 0.49023842 
 0.00108643 	 4.45490764 	 0.48609557 
 0.00109648 	 4.45208273 	 0.48197292 
 0.00110662 	 4.44926291 	 0.47787267 
 0.00111686 	 4.44644685 	 0.47379692 
 0.00112720 	 4.44363316 	 0.46974769 
 0.00113763 	 4.44082049 	 0.46572688 
 0.00114815 	 4.43800748 	 0.46173631 
 0.00115878 	 4.43519276 	 0.45777764 
 0.00116950 	 4.43237497 	 0.45385245 
 0.00118032 	 4.42955275 	 0.44996214 
 0.00119124 	 4.42672473 	 0.44610800 
 0.00120226 	 4.42388955 	 0.44229117 
 0.00121339 	 4.42104584 	 0.43851262 
 0.00122462 	 4.41819225 	 0.43477320 
 0.00123595 	 4.41532742 	 0.43107358 
 0.00124738 	 4.41244997 	 0.42741429 
 0.00125893 	 4.40955855 	 0.42379571 
 0.00127057 	 4.40665179 	 0.42021807 
 0.00128233 	 4.40372833 	 0.41668144 
 0.00129420 	 4.40078681 	 0.41318578 
 0.00130617 	 4.39782586 	 0.40973089 
 0.00131826 	 4.39484412 	 0.40631646 
 0.00133045 	 4.39184453 	 0.40293894 
 0.00134276 	 4.38883532 	 0.39959148 
 0.00135519 	 4.38581665 	 0.39627371 
 0.00136773 	 4.38278840 	 0.39298546 
 0.00138038 	 4.37975047 	 0.38972660 
 0.00139316 	 4.37670276 	 0.38649700 
 0.00140605 	 4.37364516 	 0.38329654 
 0.00141906 	 4.37057755 	 0.38012509 
 0.00143219 	 4.36749984 	 0.37698255 
 0.00144544 	 4.36441191 	 0.37386882 
 0.00145881 	 4.36131366 	 0.37078377 
 0.00147231 	 4.35820499 	 0.36772730 
 0.00148594 	 4.35508578 	 0.36469929 
 0.00149968 	 4.35195593 	 0.36169962 
 0.00151356 	 4.34881533 	 0.35872816 
 0.00152757 	 4.34566387 	 0.35578477 
 0.00154170 	 4.34250145 	 0.35286929 
 0.00155597 	 4.33932796 	 0.34998155 
 0.00157036 	 4.33614330 	 0.34712139 
 0.00158489 	 4.33294735 	 0.34428860 
 0.00159956 	 4.32974001 	 0.34148296 
 0.00161436 	 4.32652117 	 0.33870426 
 0.00162930 	 4.32329072 	 0.33595225 
 0.00164437 	 4.32004857 	 0.33322665 
 0.00165959 	 4.31679459 	 0.33052719 
 0.00167494 	 4.31352869 	 0.32785357 
 0.00169044 	 4.31025076 	 0.32520546 
 0.00170608 	 4.30695952 	 0.32258089 
 0.00172187 	 4.30365381 	 0.31997769 
 0.00173780 	 4.30033402 	 0.31739577 
 0.00175388 	 4.29700058 	 0.31483510 
 0.00177011 	 4.29365389 	 0.31229565 
 0.00178649 	 4.29029437 	 0.30977744 
 0.00180302 	 4.28692243 	 0.30728052 
 0.00181970 	 4.28353848 	 0.30480495 
 0.00183654 	 4.28014293 	 0.30235078 
 0.00185353 	 4.27673620 	 0.29991811 
 0.00187068 	 4.27331869 	 0.29750701 
 0.00188799 	 4.26989082 	 0.29511756 
 0.00190546 	 4.26645300 	 0.29274984 
 0.00192309 	 4.26300564 	 0.29040393 
 0.00194089 	 4.25954916 	 0.28807988 
 0.00195884 	 4.25608396 	 0.28577775 
 0.00197697 	 4.25261046 	 0.28349755 
 0.00199526 	 4.24912907 	 0.28123930 
 0.00201372 	 4.24564020 	 0.27900300 
 0.00203236 	 4.24214427 	 0.27678861 
 0.00205116 	 4.23864168 	 0.27459608 
 0.00207014 	 4.23513285 	 0.27242535 
 0.00208930 	 4.23161819 	 0.27027630 
 0.00210863 	 4.22809811 	 0.26814884 
 0.00212814 	 4.22457302 	 0.26604280 
 0.00214783 	 4.22104334 	 0.26395805 
 0.00216770 	 4.21750947 	 0.26189437 
 0.00218776 	 4.21397087 	 0.25984909 
 0.00220800 	 4.21042684 	 0.25782070 
 0.00222844 	 4.20687711 	 0.25580950 
 0.00224905 	 4.20332142 	 0.25381577 
 0.00226986 	 4.19975950 	 0.25183983 
 0.00229087 	 4.19619109 	 0.24988195 
 0.00231206 	 4.19261592 	 0.24794242 
 0.00233346 	 4.18903375 	 0.24602150 
 0.00235505 	 4.18544429 	 0.24411946 
 0.00237684 	 4.18184728 	 0.24223653 
 0.00239883 	 4.17824248 	 0.24037292 
 0.00242103 	 4.17462960 	 0.23852882 
 0.00244343 	 4.17100839 	 0.23670438 
 0.00246604 	 4.16737858 	 0.23489976 
 0.00248886 	 4.16373991 	 0.23311503 
 0.00251189 	 4.16009212 	 0.23135027 
 0.00253513 	 4.15643494 	 0.22960551 
 0.00255859 	 4.15276811 	 0.22788074 
 0.00258226 	 4.14909137 	 0.22617591 
 0.00260615 	 4.14540445 	 0.22449093 
 0.00263027 	 4.14170709 	 0.22282568 
 0.00265461 	 4.13799903 	 0.22117998 
 0.00267917 	 4.13428000 	 0.21955363 
 0.00270396 	 4.13054975 	 0.21794637 
 0.00272898 	 4.12680799 	 0.21635791 
 0.00275423 	 4.12305448 	 0.21478793 
 0.00277971 	 4.11928898 	 0.21323595 
 0.00280543 	 4.11551188 	 0.21169992 
 0.00283139 	 4.11172352 	 0.21017922 
 0.00285759 	 4.10792409 	 0.20867400 
 0.00288403 	 4.10411378 	 0.20718439 
 0.00291072 	 4.10029276 	 0.20571053 
 0.00293765 	 4.09646121 	 0.20425255 
 0.00296483 	 4.09261932 	 0.20281054 
 0.00299226 	 4.08876726 	 0.20138460 
 0.00301995 	 4.08490522 	 0.19997478 
 0.00304789 	 4.08103338 	 0.19858114 
 0.00307610 	 4.07715192 	 0.19720369 
 0.00310456 	 4.07326103 	 0.19584242 
 0.00313329 	 4.06936087 	 0.19449727 
 0.00316228 	 4.06545164 	 0.19316818 
 0.00319154 	 4.06153351 	 0.19185504 
 0.00322107 	 4.05760667 	 0.19055769 
 0.00325087 	 4.05367129 	 0.18927595 
 0.00328095 	 4.04972757 	 0.18800959 
 0.00331131 	 4.04577567 	 0.18675836 
 0.00334195 	 4.04181579 	 0.18552195 
 0.00337287 	 4.03784809 	 0.18430002 
 0.00340408 	 4.03387277 	 0.18309218 
 0.00343558 	 4.02989001 	 0.18189803 
 0.00346737 	 4.02589998 	 0.18071709 
 0.00349945 	 4.02190287 	 0.17954889 
 0.00353183 	 4.01789885 	 0.17839288 
 0.00356451 	 4.01388782 	 0.17724830 
 0.00359749 	 4.00986744 	 0.17611287 
 0.00363078 	 4.00583732 	 0.17498629 
 0.00366438 	 4.00179766 	 0.17386870 
 0.00369828 	 3.99774866 	 0.17276028 
 0.00373250 	 3.99369052 	 0.17166125 
 0.00376704 	 3.98962344 	 0.17057178 
 0.00380189 	 3.98554762 	 0.16949210 
 0.00383707 	 3.98146326 	 0.16842241 
 0.00387258 	 3.97737056 	 0.16736293 
 0.00390841 	 3.97326971 	 0.16631388 
 0.00394457 	 3.96916092 	 0.16527548 
 0.00398107 	 3.96504438 	 0.16424793 
 0.00401791 	 3.96092030 	 0.16323143 
 0.00405509 	 3.95678888 	 0.16222619 
 0.00409261 	 3.95265030 	 0.16123239 
 0.00413048 	 3.94850478 	 0.16025022 
 0.00416869 	 3.94435251 	 0.15927985 
 0.00420727 	 3.94019369 	 0.15832144 
 0.00424620 	 3.93602852 	 0.15737513 
 0.00428549 	 3.93185720 	 0.15644106 
 0.00432514 	 3.92767993 	 0.15551937 
 0.00436516 	 3.92349691 	 0.15461016 
 0.00440555 	 3.91930833 	 0.15371354 
 0.00444631 	 3.91511440 	 0.15282962 
 0.00448745 	 3.91091532 	 0.15195847 
 0.00452898 	 3.90671128 	 0.15110019 
 0.00457088 	 3.90250232 	 0.15025419 
 0.00461318 	 3.89828779 	 0.14941777 
 0.00465586 	 3.89406750 	 0.14859099 
 0.00469894 	 3.88984137 	 0.14777433 
 0.00474242 	 3.88560930 	 0.14696823 
 0.00478630 	 3.88137118 	 0.14617311 
 0.00483059 	 3.87712694 	 0.14538936 
 0.00487528 	 3.87287647 	 0.14461736 
 0.00492040 	 3.86861967 	 0.14385742 
 0.00496592 	 3.86435646 	 0.14310982 
 0.00501187 	 3.86008674 	 0.14237479 
 0.00505825 	 3.85581040 	 0.14165249 
 0.00510505 	 3.85152737 	 0.14094305 
 0.00515229 	 3.84723754 	 0.14024652 
 0.00519996 	 3.84294081 	 0.13956290 
 0.00524807 	 3.83863710 	 0.13889210 
 0.00529663 	 3.83432631 	 0.13823399 
 0.00534564 	 3.83000834 	 0.13758836 
 0.00539511 	 3.82568310 	 0.13695495 
 0.00544503 	 3.82135049 	 0.13633342 
 0.00549541 	 3.81701041 	 0.13572336 
 0.00554626 	 3.81266279 	 0.13512432 
 0.00559758 	 3.80830750 	 0.13453578 
 0.00564937 	 3.80394448 	 0.13395717 
 0.00570164 	 3.79957361 	 0.13338787 
 0.00575440 	 3.79519480 	 0.13282723 
 0.00580764 	 3.79080796 	 0.13227453 
 0.00586138 	 3.78641397 	 0.13172865 
 0.00591562 	 3.78201521 	 0.13118840 
 0.00597035 	 3.77761149 	 0.13065438 
 0.00602560 	 3.77320249 	 0.13012722 
 0.00608135 	 3.76878789 	 0.12960752 
 0.00613762 	 3.76436737 	 0.12909588 
 0.00619441 	 3.75994058 	 0.12859284 
 0.00625173 	 3.75550722 	 0.12809893 
 0.00630957 	 3.75106695 	 0.12761463 
 0.00636796 	 3.74661945 	 0.12714039 
 0.00642688 	 3.74216440 	 0.12667661 
 0.00648634 	 3.73770146 	 0.12622367 
 0.00654636 	 3.73323032 	 0.12578187 
 0.00660693 	 3.72875065 	 0.12535152 
 0.00666807 	 3.72426212 	 0.12493284 
 0.00672977 	 3.71976440 	 0.12452604 
 0.00679204 	 3.71525719 	 0.12413129 
 0.00685488 	 3.71074013 	 0.12374872 
 0.00691831 	 3.70621292 	 0.12337842 
 0.00698232 	 3.70167523 	 0.12302047 
 0.00704693 	 3.69712673 	 0.12267490 
 0.00711214 	 3.69256710 	 0.12234175 
 0.00717794 	 3.68799601 	 0.12202102 
 0.00724436 	 3.68341313 	 0.12171271 
 0.00731139 	 3.67881814 	 0.12141684 
 0.00737904 	 3.67421072 	 0.12113340 
 0.00744732 	 3.66959054 	 0.12086243 
 0.00751623 	 3.66495749 	 0.12060215 
 0.00758578 	 3.66031191 	 0.12035060 
 0.00765597 	 3.65565410 	 0.12010923 
 0.00772681 	 3.65098435 	 0.11987949 
 0.00779830 	 3.64630293 	 0.11966278 
 0.00787046 	 3.64161014 	 0.11946043 
 0.00794328 	 3.63690626 	 0.11927367 
 0.00801678 	 3.63219158 	 0.11910359 
 0.00809096 	 3.62746638 	 0.11895118 
 0.00816582 	 3.62273094 	 0.11881722 
 0.00824138 	 3.61798556 	 0.11870236 
 0.00831764 	 3.61323051 	 0.11860704 
 0.00839460 	 3.60846609 	 0.11853152 
 0.00847227 	 3.60369257 	 0.11847585 
 0.00855067 	 3.59891025 	 0.11843987 
 0.00862979 	 3.59411940 	 0.11842322 
 0.00870964 	 3.58932032 	 0.11842531 
 0.00879023 	 3.58451329 	 0.11844537 
 0.00887156 	 3.57969860 	 0.11848241 
 0.00895365 	 3.57487652 	 0.11853525 
 0.00903649 	 3.57004736 	 0.11860253 
 0.00912011 	 3.56521138 	 0.11868272 
 0.00920450 	 3.56036888 	 0.11877414 
 0.00928966 	 3.55552014 	 0.11887495 
 0.00937562 	 3.55066545 	 0.11898323 
 0.00946237 	 3.54580509 	 0.11909692 
 0.00954993 	 3.54093935 	 0.11921393 
 0.00963829 	 3.53606847 	 0.11933753 
 0.00972747 	 3.53119230 	 0.11947176 
 0.00981748 	 3.52631054 	 0.11961648 
 0.00990832 	 3.52142289 	 0.11977152 
 0.01000000 	 3.51652905 	 0.11993660 
 0.01009253 	 3.51162872 	 0.12011139 
 0.01018591 	 3.50672161 	 0.12029545 
 0.01028016 	 3.50180741 	 0.12048827 
 0.01037528 	 3.49688582 	 0.12068925 
 0.01047129 	 3.49195654 	 0.12089771 
 0.01056818 	 3.48701929 	 0.12111288 
 0.01066596 	 3.48207374 	 0.12133392 
 0.01076465 	 3.47711962 	 0.12155988 
 0.01086426 	 3.47215661 	 0.12178978 
 0.01096478 	 3.46718442 	 0.12202254 
 0.01106624 	 3.46220275 	 0.12225705 
 0.01116863 	 3.45721131 	 0.12249212 
 0.01127197 	 3.45220978 	 0.12272655 
 0.01137627 	 3.44719787 	 0.12295909 
 0.01148154 	 3.44217529 	 0.12318848 
 0.01158777 	 3.43714173 	 0.12341345 
 0.01169499 	 3.43209690 	 0.12363274 
 0.01180321 	 3.42704049 	 0.12384511 
 0.01191242 	 3.42197220 	 0.12404935 
 0.01202264 	 3.41689174 	 0.12424432 
 0.01213389 	 3.41179881 	 0.12442894 
 0.01224616 	 3.40669328 	 0.12460219 
 0.01235947 	 3.40158089 	 0.12476297 
 0.01247384 	 3.39646405 	 0.12491254 
 0.01258925 	 3.39134200 	 0.12505293 
 0.01270574 	 3.38621399 	 0.12518616 
 0.01282331 	 3.38107925 	 0.12531421 
 0.01294196 	 3.37593703 	 0.12543897 
 0.01306171 	 3.37078656 	 0.12556226 
 0.01318257 	 3.36562709 	 0.12568577 
 0.01330454 	 3.36045787 	 0.12581106 
 0.01342765 	 3.35527812 	 0.12593954 
 0.01355189 	 3.35008709 	 0.12607243 
 0.01367729 	 3.34488403 	 0.12621082 
 0.01380384 	 3.33966818 	 0.12635558 
 0.01393157 	 3.33443877 	 0.12650740 
 0.01406048 	 3.32919505 	 0.12666677 
 0.01419058 	 3.32393626 	 0.12683400 
 0.01432188 	 3.31866163 	 0.12700919 
 0.01445440 	 3.31337042 	 0.12719227 
 0.01458814 	 3.30806187 	 0.12738298 
 0.01472313 	 3.30273520 	 0.12758090 
 0.01485936 	 3.29738967 	 0.12778544 
 0.01499685 	 3.29202452 	 0.12799589 
 0.01513561 	 3.28663899 	 0.12821140 
 0.01527566 	 3.28123232 	 0.12843102 
 0.01541700 	 3.27580375 	 0.12865374 
 0.01555966 	 3.27035252 	 0.12887847 
 0.01570363 	 3.26487860 	 0.12910467 
 0.01584893 	 3.25939033 	 0.12933861 
 0.01599558 	 3.25388974 	 0.12958304 
 0.01614359 	 3.24837621 	 0.12983875 
 0.01629296 	 3.24284911 	 0.13010646 
 0.01644372 	 3.23730781 	 0.13038676 
 0.01659587 	 3.23175165 	 0.13068003 
 0.01674943 	 3.22618003 	 0.13098643 
 0.01690441 	 3.22059229 	 0.13130589 
 0.01706082 	 3.21498782 	 0.13163801 
 0.01721869 	 3.20936597 	 0.13198212 
 0.01737801 	 3.20372610 	 0.13233721 
 0.01753881 	 3.19806760 	 0.13270193 
 0.01770109 	 3.19238982 	 0.13307462 
 0.01786488 	 3.18669213 	 0.13345325 
 0.01803018 	 3.18097389 	 0.13383549 
 0.01819701 	 3.17523448 	 0.13421868 
 0.01836538 	 3.16947326 	 0.13459985 
 0.01853532 	 3.16368959 	 0.13497575 
 0.01870682 	 3.15788285 	 0.13534287 
 0.01887991 	 3.15205239 	 0.13569747 
 0.01905461 	 3.14619759 	 0.13603559 
 0.01923092 	 3.14031782 	 0.13635312 
 0.01940886 	 3.13441243 	 0.13664579 
 0.01958845 	 3.12848079 	 0.13690925 
 0.01976970 	 3.12252228 	 0.13713909 
 0.01995262 	 3.11653625 	 0.13733089 
 0.02013724 	 3.11052378 	 0.13748223 
 0.02032357 	 3.10449453 	 0.13760274 
 0.02051162 	 3.09844934 	 0.13769536 
 0.02070141 	 3.09238729 	 0.13776126 
 0.02089296 	 3.08630745 	 0.13780156 
 0.02108628 	 3.08020892 	 0.13781739 
 0.02128139 	 3.07409077 	 0.13780979 
 0.02147830 	 3.06795207 	 0.13777978 
 0.02167704 	 3.06179192 	 0.13772827 
 0.02187762 	 3.05560939 	 0.13765611 
 0.02208005 	 3.04940355 	 0.13756406 
 0.02228435 	 3.04317350 	 0.13745278 
 0.02249055 	 3.03691831 	 0.13732282 
 0.02269865 	 3.03063705 	 0.13717464 
 0.02290868 	 3.02432882 	 0.13700860 
 0.02312065 	 3.01799269 	 0.13682496 
 0.02333458 	 3.01162774 	 0.13662386 
 0.02355049 	 3.00523305 	 0.13640538 
 0.02376840 	 2.99880770 	 0.13616948 
 0.02398833 	 2.99235077 	 0.13591606 
 0.02421029 	 2.98586135 	 0.13564495 
 0.02443431 	 2.97933850 	 0.13535592 
 0.02466039 	 2.97278132 	 0.13504871 
 0.02488857 	 2.96618887 	 0.13472302 
 0.02511886 	 2.95956025 	 0.13437856 
 0.02535129 	 2.95289453 	 0.13401506 
 0.02558586 	 2.94619079 	 0.13363227 
 0.02582260 	 2.93945000 	 0.13322860 
 0.02606154 	 2.93267811 	 0.13279957 
 0.02630268 	 2.92587559 	 0.13234595 
 0.02654606 	 2.91904238 	 0.13186905 
 0.02679168 	 2.91217844 	 0.13137033 
 0.02703958 	 2.90528370 	 0.13085129 
 0.02728978 	 2.89835811 	 0.13031344 
 0.02754229 	 2.89140162 	 0.12975829 
 0.02779713 	 2.88441418 	 0.12918731 
 0.02805434 	 2.87739572 	 0.12860187 
 0.02831392 	 2.87034619 	 0.12800323 
 0.02857591 	 2.86326555 	 0.12739254 
 0.02884032 	 2.85615373 	 0.12677079 
 0.02910717 	 2.84901069 	 0.12613882 
 0.02937650 	 2.84183636 	 0.12549728 
 0.02964831 	 2.83463069 	 0.12484667 
 0.02992265 	 2.82739363 	 0.12418730 
 0.03019952 	 2.82012512 	 0.12351931 
 0.03047895 	 2.81282511 	 0.12284267 
 0.03076097 	 2.80549354 	 0.12215722 
 0.03104560 	 2.79813037 	 0.12146266 
 0.03133286 	 2.79073553 	 0.12075861 
 0.03162278 	 2.78330897 	 0.12004459 
 0.03191538 	 2.77585064 	 0.11932011 
 0.03221069 	 2.76836048 	 0.11858470 
 0.03250873 	 2.76083844 	 0.11783796 
 0.03280953 	 2.75328446 	 0.11707958 
 0.03311311 	 2.74570562 	 0.11630596 
 0.03341950 	 2.73811503 	 0.11551335 
 0.03372873 	 2.73051062 	 0.11470784 
 0.03404082 	 2.72288991 	 0.11389584 
 0.03435579 	 2.71525044 	 0.11308362 
 0.03467369 	 2.70758972 	 0.11227726 
 0.03499452 	 2.69990528 	 0.11148249 
 0.03531832 	 2.69219463 	 0.11070461 
 0.03564511 	 2.68445530 	 0.10994834 
 0.03597493 	 2.67668481 	 0.10921777 
 0.03630781 	 2.66888069 	 0.10851626 
 0.03664376 	 2.66104044 	 0.10784637 
 0.03698282 	 2.65316160 	 0.10720978 
 0.03732502 	 2.64524169 	 0.10660727 
 0.03767038 	 2.63727823 	 0.10603870 
 0.03801894 	 2.62926874 	 0.10550300 
 0.03837072 	 2.62121075 	 0.10499817 
 0.03872576 	 2.61310177 	 0.10452133 
 0.03908409 	 2.60493932 	 0.10406875 
 0.03944573 	 2.59672094 	 0.10363596 
 0.03981072 	 2.58844413 	 0.10321781 
 0.04017908 	 2.58010643 	 0.10280857 
 0.04055085 	 2.57170535 	 0.10240210 
 0.04092607 	 2.56323841 	 0.10199194 
 0.04130475 	 2.55470315 	 0.10157149 
 0.04168694 	 2.54609707 	 0.10113418 
 0.04207266 	 2.53741771 	 0.10067364 
 0.04246196 	 2.52867653 	 0.10018418 
 0.04285485 	 2.51988841 	 0.09966877 
 0.04325138 	 2.51105254 	 0.09913517 
 0.04365158 	 2.50216805 	 0.09859145 
 0.04405549 	 2.49323411 	 0.09804580 
 0.04446313 	 2.48424987 	 0.09750634 
 0.04487454 	 2.47521447 	 0.09698094 
 0.04528976 	 2.46612707 	 0.09647696 
 0.04570882 	 2.45698682 	 0.09600119 
 0.04613176 	 2.44779286 	 0.09555957 
 0.04655861 	 2.43854436 	 0.09515713 
 0.04698941 	 2.42924046 	 0.09479778 
 0.04742420 	 2.41988032 	 0.09448428 
 0.04786301 	 2.41046308 	 0.09421809 
 0.04830588 	 2.40098789 	 0.09399935 
 0.04875285 	 2.39145392 	 0.09382684 
 0.04920395 	 2.38186030 	 0.09369798 
 0.04965923 	 2.37220620 	 0.09360888 
 0.05011872 	 2.36249075 	 0.09355440 
 0.05058247 	 2.35271312 	 0.09352821 
 0.05105050 	 2.34287246 	 0.09352296 
 0.05152286 	 2.33296791 	 0.09353036 
 0.05199960 	 2.32299862 	 0.09354139 
 0.05248075 	 2.31296376 	 0.09354642 
 0.05296634 	 2.30286246 	 0.09353541 
 0.05345644 	 2.29269389 	 0.09349812 
 0.05395106 	 2.28245723 	 0.09342446 
 0.05445027 	 2.27215622 	 0.09332418 
 0.05495409 	 2.26179362 	 0.09320825 
 0.05546257 	 2.25136947 	 0.09307777 
 0.05597576 	 2.24088383 	 0.09293394 
 0.05649370 	 2.23033671 	 0.09277795 
 0.05701643 	 2.21972816 	 0.09261089 
 0.05754399 	 2.20905822 	 0.09243366 
 0.05807644 	 2.19832693 	 0.09224689 
 0.05861382 	 2.18753432 	 0.09205090 
 0.05915616 	 2.17668043 	 0.09184562 
 0.05970353 	 2.16576530 	 0.09163053 
 0.06025596 	 2.15478897 	 0.09140470 
 0.06081350 	 2.14375147 	 0.09116669 
 0.06137620 	 2.13265284 	 0.09091459 
 0.06194411 	 2.12149313 	 0.09064600 
 0.06251727 	 2.11027236 	 0.09035802 
 0.06309573 	 2.09899058 	 0.09004734 
 0.06367955 	 2.08764783 	 0.08971019 
 0.06426877 	 2.07624413 	 0.08934243 
 0.06486344 	 2.06477954 	 0.08893959 
 0.06546362 	 2.05325408 	 0.08849693 
 0.06606934 	 2.04166780 	 0.08800951 
 0.06668068 	 2.03002073 	 0.08747227 
 0.06729767 	 2.01831291 	 0.08688012 
 0.06792036 	 2.00654438 	 0.08622808 
 0.06854882 	 1.99471518 	 0.08551134 
 0.06918310 	 1.98282363 	 0.08472402 
 0.06982324 	 1.97083796 	 0.08383855 
 0.07046931 	 1.95875029 	 0.08285417 
 0.07112135 	 1.94656596 	 0.08178282 
 0.07177943 	 1.93429033 	 0.08063719 
 0.07244360 	 1.92192873 	 0.07943053 
 0.07311391 	 1.90948651 	 0.07817647 
 0.07379042 	 1.89696902 	 0.07688883 
 0.07447320 	 1.88438160 	 0.07558144 
 0.07516229 	 1.87172960 	 0.07426794 
 0.07585776 	 1.85901836 	 0.07296157 
 0.07655966 	 1.84625323 	 0.07167493 
 0.07726806 	 1.83343955 	 0.07041976 
 0.07798301 	 1.82058268 	 0.06920668 
 0.07870458 	 1.80768796 	 0.06804494 
 0.07943282 	 1.79476072 	 0.06694222 
 0.08016781 	 1.78180633 	 0.06590437 
 0.08090959 	 1.76883011 	 0.06493523 
 0.08165824 	 1.75583743 	 0.06403653 
 0.08241381 	 1.74283362 	 0.06320778 
 0.08317638 	 1.72982404 	 0.06244629 
 0.08394600 	 1.71681402 	 0.06174723 
 0.08472274 	 1.70380891 	 0.06110378 
 0.08550667 	 1.69081406 	 0.06050736 
 0.08629785 	 1.67783481 	 0.05994796 
 0.08709636 	 1.66487652 	 0.05941447 
 0.08790225 	 1.65194452 	 0.05889512 
 0.08871560 	 1.63903725 	 0.05837150 
 0.08953648 	 1.62610199 	 0.05778625 
 0.09036495 	 1.61312956 	 0.05713990 
 0.09120108 	 1.60012354 	 0.05644822 
 0.09204496 	 1.58708754 	 0.05572796 
 0.09289664 	 1.57402512 	 0.05499586 
 0.09375620 	 1.56093989 	 0.05426789 
 0.09462372 	 1.54783544 	 0.05355847 
 0.09549926 	 1.53471534 	 0.05287985 
 0.09638290 	 1.52158320 	 0.05224164 
 0.09727472 	 1.50844261 	 0.05165048 
 0.09817479 	 1.49529714 	 0.05110997 
 0.09908319 	 1.48215040 	 0.05062080 
 0.10000000 	 1.46900596 	 0.05018121 
 0.10092529 	 1.45584185 	 0.04976308 
 0.10185914 	 1.44263944 	 0.04935138 
 0.10280163 	 1.42940742 	 0.04896228 
 0.10375284 	 1.41615445 	 0.04861106 
 0.10471285 	 1.40288920 	 0.04831123 
 0.10568175 	 1.38962035 	 0.04807392 
 0.10665961 	 1.37635655 	 0.04790729 
 0.10764652 	 1.36310649 	 0.04781626 
 0.10864256 	 1.34987883 	 0.04780234 
 0.10964782 	 1.33668224 	 0.04786382 
 0.11066238 	 1.32352539 	 0.04799615 
 0.11168632 	 1.31041696 	 0.04819255 
 0.11271975 	 1.29736113 	 0.04844768 
 0.11376273 	 1.28433964 	 0.04877035 
 0.11481536 	 1.27134845 	 0.04916127 
 0.11587774 	 1.25838650 	 0.04961818 
 0.11694994 	 1.24545271 	 0.05013565 
 0.11803206 	 1.23254598 	 0.05070401 
 0.11912420 	 1.21966525 	 0.05130925 
 0.12022644 	 1.20680943 	 0.05193373 
 0.12133889 	 1.19397744 	 0.05255762 
 0.12246162 	 1.18116821 	 0.05316104 
 0.12359474 	 1.16838064 	 0.05372666 
 0.12473835 	 1.15560806 	 0.05424445 
 0.12589254 	 1.14279551 	 0.05474436 
 0.12705741 	 1.12995189 	 0.05527963 
 0.12823306 	 1.11710569 	 0.05589225 
 0.12941958 	 1.10428540 	 0.05660530 
 0.13061709 	 1.09151952 	 0.05741784 
 0.13182567 	 1.07883654 	 0.05830357 
 0.13304544 	 1.06626495 	 0.05921279 
 0.13427650 	 1.05383324 	 0.06007705 
 0.13551894 	 1.04156992 	 0.06081564 
 0.13677288 	 1.02950270 	 0.06134474 
 0.13803843 	 1.01762804 	 0.06164689 
 0.13931568 	 1.00592280 	 0.06174904 
 0.14060475 	 0.99436800 	 0.06167499 
 0.14190575 	 0.98294467 	 0.06145048 
 0.14321879 	 0.97163383 	 0.06110014 
 0.14454398 	 0.96041650 	 0.06064568 
 0.14588143 	 0.94927371 	 0.06010527 
 0.14723125 	 0.93818649 	 0.05949424 
 0.14859356 	 0.92713585 	 0.05882709 
 0.14996848 	 0.91613277 	 0.05803437 
 0.15135612 	 0.90520699 	 0.05706189 
 0.15275661 	 0.89436097 	 0.05597397 
 0.15417005 	 0.88359715 	 0.05483128 
 0.15559656 	 0.87291794 	 0.05368411 
 0.15703628 	 0.86232577 	 0.05256812 
 0.15848932 	 0.85182305 	 0.05150305 
 0.15995580 	 0.84141222 	 0.05049530 
 0.16143586 	 0.83110149 	 0.04953763 
 0.16292960 	 0.82093223 	 0.04857491 
 0.16443717 	 0.81089073 	 0.04761845 
 0.16595869 	 0.80095073 	 0.04669759 
 0.16749429 	 0.79108599 	 0.04582748 
 0.16904409 	 0.78127024 	 0.04499985 
 0.17060824 	 0.77147724 	 0.04418423 
 0.17218686 	 0.76168074 	 0.04334133 
 0.17378008 	 0.75185179 	 0.04244401 
 0.17538805 	 0.74197426 	 0.04152732 
 0.17701090 	 0.73208497 	 0.04075021 
 0.17864876 	 0.72222609 	 0.04024282 
 0.18030177 	 0.71243979 	 0.04002802 
 0.18197009 	 0.70276825 	 0.03999513 
 0.18365383 	 0.69325364 	 0.03992464 
 0.18535316 	 0.68393820 	 0.03955521 
 0.18706821 	 0.67484997 	 0.03875956 
 0.18879913 	 0.66595699 	 0.03768318 
 0.19054607 	 0.65721321 	 0.03654279 
 0.19230917 	 0.64857261 	 0.03553514 
 0.19408859 	 0.63998918 	 0.03477698 
 0.19588447 	 0.63141688 	 0.03427135 
 0.19769696 	 0.62281224 	 0.03391840 
 0.19952623 	 0.61421229 	 0.03362329 
 0.20137242 	 0.60564706 	 0.03336411 
 0.20323570 	 0.59711940 	 0.03313169 
 0.20511622 	 0.58863217 	 0.03292399 
 0.20701413 	 0.58018821 	 0.03274371 
 0.20892961 	 0.57179039 	 0.03259641 
 0.21086281 	 0.56343495 	 0.03247084 
 0.21281390 	 0.55511151 	 0.03233414 
 0.21478305 	 0.54683059 	 0.03220964 
 0.21677041 	 0.53860377 	 0.03212201 
 0.21877616 	 0.53044263 	 0.03209129 
 0.22080047 	 0.52235874 	 0.03213161 
 0.22284351 	 0.51435996 	 0.03224608 
 0.22490546 	 0.50643716 	 0.03241474 
 0.22698649 	 0.49858837 	 0.03263528 
 0.22908677 	 0.49081296 	 0.03290491 
 0.23120648 	 0.48311031 	 0.03321778 
 0.23334581 	 0.47547979 	 0.03356565 
 0.23550493 	 0.46792616 	 0.03394812 
 0.23768403 	 0.46045632 	 0.03437718 
 0.23988329 	 0.45306324 	 0.03484457 
 0.24210290 	 0.44573950 	 0.03533500 
 0.24434306 	 0.43847767 	 0.03582677 
 0.24660393 	 0.43127252 	 0.03629714 
 0.24888573 	 0.42414963 	 0.03679071 
 0.25118864 	 0.41710234 	 0.03729438 
 0.25351286 	 0.41010971 	 0.03775905 
 0.25585859 	 0.40315081 	 0.03812835 
 0.25822602 	 0.39620474 	 0.03834169 
 0.26061535 	 0.38927064 	 0.03836367 
 0.26302680 	 0.38236335 	 0.03823385 
 0.26546056 	 0.37548949 	 0.03800491 
 0.26791683 	 0.36865566 	 0.03772717 
 0.27039584 	 0.36186840 	 0.03744633 
 0.27289778 	 0.35510249 	 0.03715417 
 0.27542287 	 0.34836002 	 0.03685052 
 0.27797133 	 0.34167859 	 0.03654901 
 0.28054336 	 0.33509584 	 0.03622440 
 0.28313920 	 0.32864822 	 0.03581779 
 0.28575905 	 0.32233614 	 0.03526105 
 0.28840315 	 0.31613725 	 0.03458373 
 0.29107171 	 0.31003251 	 0.03384680 
 0.29376497 	 0.30400293 	 0.03311342 
 0.29648314 	 0.29804398 	 0.03241816 
 0.29922646 	 0.29217959 	 0.03172137 
 0.30199517 	 0.28639348 	 0.03102950 
 0.30478950 	 0.28066654 	 0.03034620 
 0.30760968 	 0.27497958 	 0.02966617 
 0.31045596 	 0.26932463 	 0.02897775 
 0.31332857 	 0.26372381 	 0.02830349 
 0.31622777 	 0.25820351 	 0.02766494 
 0.31915379 	 0.25279022 	 0.02707209 
 0.32210688 	 0.24750960 	 0.02654540 
 0.32508730 	 0.24233834 	 0.02609133 
 0.32809529 	 0.23723409 	 0.02568720 
 0.33113112 	 0.23215448 	 0.02528103 
 0.33419504 	 0.22705180 	 0.02480895 
 0.33728731 	 0.22196596 	 0.02437795 
 0.34040819 	 0.21698349 	 0.02411106 
 0.34355795 	 0.21219046 	 0.02402375 
 0.34673685 	 0.20760282 	 0.02416277 
 0.34994517 	 0.20317922 	 0.02455075 
 0.35318317 	 0.19889699 	 0.02506540 
 0.35645113 	 0.19474070 	 0.02545281 
 0.35974934 	 0.19076874 	 0.02576167 
 0.36307805 	 0.18692342 	 0.02598690 
 0.36643757 	 0.18310817 	 0.02597894 
 0.36982818 	 0.17923203 	 0.02554229 
 0.37325016 	 0.17531667 	 0.02473534 
 0.37670380 	 0.17147907 	 0.02392651 
 0.38018940 	 0.16783983 	 0.02332684 
 0.38370725 	 0.16451439 	 0.02297310 
 0.38725764 	 0.16135677 	 0.02295253 
 0.39084090 	 0.15813266 	 0.02306819 
 0.39445730 	 0.15466541 	 0.02282963 
 0.39810717 	 0.15104718 	 0.02220363 
 0.40179081 	 0.14738609 	 0.02145800 
 0.40550854 	 0.14376415 	 0.02085732 
 0.40926066 	 0.14009787 	 0.02036132 
 0.41304750 	 0.13649141 	 0.02004866 
 0.41686938 	 0.13310238 	 0.01995456 
 0.42072663 	 0.12996793 	 0.02007038 
 0.42461956 	 0.12701079 	 0.02037573 
 0.42854852 	 0.12416601 	 0.02076064 
 0.43251383 	 0.12140615 	 0.02116039 
 0.43651583 	 0.11876867 	 0.02163233 
 0.44055486 	 0.11629056 	 0.02219730 
 0.44463127 	 0.11410485 	 0.02302626 
 0.44874539 	 0.11207582 	 0.02417817 
 0.45289758 	 0.10984109 	 0.02512791 
 0.45708819 	 0.10726995 	 0.02543842 
 0.46131757 	 0.10450690 	 0.02530745 
 0.46558609 	 0.10163704 	 0.02490541 
 0.46989411 	 0.09863149 	 0.02414643 
 0.47424199 	 0.09553385 	 0.02323797 
 0.47863009 	 0.09243893 	 0.02245200 
 0.48305880 	 0.08928698 	 0.02179842 
 0.48752849 	 0.08620648 	 0.02124439 
 0.49203954 	 0.08334952 	 0.02052504 
 0.49659232 	 0.08067153 	 0.01960650 
 0.50118723 	 0.07812410 	 0.01879095 
 0.50582466 	 0.07571376 	 0.01819175 
 0.51050500 	 0.07342200 	 0.01780846 
 0.51522864 	 0.07116979 	 0.01765003 
 0.51999600 	 0.06899050 	 0.01790070 
 0.52480746 	 0.06679175 	 0.01831522 
 0.52966344 	 0.06449587 	 0.01823355 
 0.53456436 	 0.06213274 	 0.01783091 
 0.53951062 	 0.05966310 	 0.01730998 
 0.54450265 	 0.05702913 	 0.01669780 
 0.54954087 	 0.05444327 	 0.01640538 
 0.55462571 	 0.05204181 	 0.01637870 
 0.55975760 	 0.04977427 	 0.01649846 
 0.56493697 	 0.04771173 	 0.01669525 
 0.57016427 	 0.04586776 	 0.01709273 
 0.57543994 	 0.04396091 	 0.01737626 
 0.58076442 	 0.04190791 	 0.01714911 
 0.58613816 	 0.03982732 	 0.01674743 
 0.59156163 	 0.03778172 	 0.01630516 
 0.59703529 	 0.03573065 	 0.01574529 
 0.60255959 	 0.03362725 	 0.01512808 
 0.60813500 	 0.03149208 	 0.01448206 
 0.61376201 	 0.02940778 	 0.01390840 
 0.61944108 	 0.02736989 	 0.01340460 
 0.62517269 	 0.02532271 	 0.01299490 
 0.63095734 	 0.02324017 	 0.01274569 
 0.63679552 	 0.02130852 	 0.01264791 
 0.64268772 	 0.01958153 	 0.01258745 
 0.64863443 	 0.01795953 	 0.01250367 
 0.65463617 	 0.01641754 	 0.01240688 
 0.66069345 	 0.01498336 	 0.01228365 
 0.66680677 	 0.01369188 	 0.01197862 
 0.67297666 	 0.01240807 	 0.01175485 
 0.67920363 	 0.01106064 	 0.01189911 
 0.68548823 	 0.00978047 	 0.01203332 
 0.69183097 	 0.00860218 	 0.01182998 
 0.69823240 	 0.00750996 	 0.01152241 
 0.70469307 	 0.00650888 	 0.01113703 
 0.71121351 	 0.00554753 	 0.01081266 
 0.71779429 	 0.00462383 	 0.01054900 
 0.72443596 	 0.00377341 	 0.01029468 
 0.73113908 	 0.00298563 	 0.01005139 
 0.73790423 	 0.00221126 	 0.00987228 
 0.74473197 	 0.00147294 	 0.00977304 
 0.75162289 	 0.00080893 	 0.00972318 
 0.75857758 	 0.00014634 	 0.00982829 
 0.76559661 	 -0.00056544 	 0.01017974 
 0.77268059 	 -0.00113811 	 0.01045322 
 0.77983011 	 -0.00157325 	 0.01059332 
 0.78704579 	 -0.00198069 	 0.01079445 
 0.79432823 	 -0.00233188 	 0.01092652 
 0.80167806 	 -0.00261367 	 0.01079795 
 0.80909590 	 -0.00280501 	 0.01053760 
 0.81658237 	 -0.00291172 	 0.01018327 
 0.82413812 	 -0.00299752 	 0.00990096 
 0.83176377 	 -0.00305615 	 0.00967838 
 0.83945999 	 -0.00308910 	 0.00950287 
 0.84722741 	 -0.00311259 	 0.00934540 
 0.85506671 	 -0.00311797 	 0.00917688 
 0.86297855 	 -0.00309364 	 0.00896353 
 0.87096359 	 -0.00302216 	 0.00867426 
 0.87902252 	 -0.00290848 	 0.00831275 
 0.88715601 	 -0.00276972 	 0.00790422 
 0.89536477 	 -0.00259959 	 0.00742985 
 0.90364947 	 -0.00240528 	 0.00690996 
 0.91201084 	 -0.00220363 	 0.00638880 
 0.92044957 	 -0.00198343 	 0.00585329 
 0.92896639 	 -0.00175429 	 0.00532613 
 0.93756201 	 -0.00152983 	 0.00477752 
 0.94623716 	 -0.00129904 	 0.00434340 
 0.95499259 	 -0.00103331 	 0.00381267 
 0.96382902 	 -0.00075218 	 0.00308955 
 0.97274722 	 -0.00063432 	 0.00270707 
 0.98174794 	 -0.00043013 	 0.00192798 
 0.99083194 	 -0.00019313 	 0.00093021 
 