# pdf: nNNPDF10_nlo_as_0118_C12
# Q0: 2 GeV 
# Nrep: 100
# [xmin, xmax, nx]: [10^(-3), 10^(0), 201]
# 	 x 	 gluon(cv) 	 gluon(sd) 
   0.001000 	   4.411489 	   0.864010 
   0.001035 	   4.386816 	   0.853836 
   0.001072 	   4.362328 	   0.843849 
   0.001109 	   4.338019 	   0.834040 
   0.001148 	   4.313882 	   0.824402 
   0.001189 	   4.289913 	   0.814926 
   0.001230 	   4.266106 	   0.805606 
   0.001274 	   4.242454 	   0.796433 
   0.001318 	   4.218954 	   0.787402 
   0.001365 	   4.195598 	   0.778507 
   0.001413 	   4.172388 	   0.769744 
   0.001462 	   4.149350 	   0.761128 
   0.001514 	   4.126481 	   0.752653 
   0.001567 	   4.103774 	   0.744315 
   0.001622 	   4.081225 	   0.736108 
   0.001679 	   4.058828 	   0.728027 
   0.001738 	   4.036575 	   0.720067 
   0.001799 	   4.014462 	   0.712224 
   0.001862 	   3.992483 	   0.704494 
   0.001928 	   3.970631 	   0.696871 
   0.001995 	   3.948900 	   0.689353 
   0.002065 	   3.927300 	   0.681940 
   0.002138 	   3.905854 	   0.674639 
   0.002213 	   3.884555 	   0.667446 
   0.002291 	   3.863398 	   0.660357 
   0.002371 	   3.842375 	   0.653369 
   0.002455 	   3.821480 	   0.646478 
   0.002541 	   3.800705 	   0.639681 
   0.002630 	   3.780045 	   0.632975 
   0.002723 	   3.759492 	   0.626356 
   0.002818 	   3.739040 	   0.619821 
   0.002917 	   3.718682 	   0.613366 
   0.003020 	   3.698439 	   0.606996 
   0.003126 	   3.678329 	   0.600714 
   0.003236 	   3.658343 	   0.594518 
   0.003350 	   3.638474 	   0.588402 
   0.003467 	   3.618712 	   0.582366 
   0.003589 	   3.599051 	   0.576404 
   0.003715 	   3.579480 	   0.570514 
   0.003846 	   3.559993 	   0.564693 
   0.003981 	   3.540581 	   0.558936 
   0.004121 	   3.521235 	   0.553241 
   0.004266 	   3.501950 	   0.547605 
   0.004416 	   3.482763 	   0.542036 
   0.004571 	   3.463683 	   0.536535 
   0.004732 	   3.444700 	   0.531099 
   0.004898 	   3.425801 	   0.525725 
   0.005070 	   3.406978 	   0.520407 
   0.005248 	   3.388218 	   0.515143 
   0.005433 	   3.369513 	   0.509928 
   0.005623 	   3.350850 	   0.504759 
   0.005821 	   3.332219 	   0.499630 
   0.006026 	   3.313610 	   0.494538 
   0.006237 	   3.295021 	   0.489481 
   0.006457 	   3.276508 	   0.484472 
   0.006683 	   3.258068 	   0.479511 
   0.006918 	   3.239688 	   0.474593 
   0.007161 	   3.221352 	   0.469714 
   0.007413 	   3.203048 	   0.464869 
   0.007674 	   3.184761 	   0.460053 
   0.007943 	   3.166477 	   0.455261 
   0.008222 	   3.148182 	   0.450488 
   0.008511 	   3.129861 	   0.445728 
   0.008810 	   3.111501 	   0.440977 
   0.009120 	   3.093116 	   0.436235 
   0.009441 	   3.074773 	   0.431520 
   0.009772 	   3.056457 	   0.426830 
   0.010116 	   3.038151 	   0.422158 
   0.010471 	   3.019835 	   0.417501 
   0.010839 	   3.001492 	   0.412854 
   0.011220 	   2.983103 	   0.408210 
   0.011614 	   2.964650 	   0.403565 
   0.012023 	   2.946114 	   0.398914 
   0.012445 	   2.927476 	   0.394249 
   0.012882 	   2.908719 	   0.389566 
   0.013335 	   2.889886 	   0.384872 
   0.013804 	   2.871041 	   0.380182 
   0.014289 	   2.852161 	   0.375492 
   0.014791 	   2.833223 	   0.370800 
   0.015311 	   2.814203 	   0.366102 
   0.015849 	   2.795080 	   0.361395 
   0.016406 	   2.775830 	   0.356674 
   0.016982 	   2.756429 	   0.351936 
   0.017579 	   2.736856 	   0.347175 
   0.018197 	   2.717087 	   0.342386 
   0.018836 	   2.697101 	   0.337564 
   0.019498 	   2.676983 	   0.332720 
   0.020184 	   2.656773 	   0.327863 
   0.020893 	   2.636443 	   0.322995 
   0.021627 	   2.615969 	   0.318115 
   0.022387 	   2.595324 	   0.313225 
   0.023174 	   2.574484 	   0.308323 
   0.023988 	   2.553422 	   0.303408 
   0.024831 	   2.532113 	   0.298478 
   0.025704 	   2.510532 	   0.293529 
   0.026607 	   2.488653 	   0.288558 
   0.027542 	   2.466461 	   0.283559 
   0.028510 	   2.444051 	   0.278539 
   0.029512 	   2.421434 	   0.273505 
   0.030549 	   2.398592 	   0.268466 
   0.031623 	   2.375506 	   0.263428 
   0.032734 	   2.352158 	   0.258396 
   0.033884 	   2.328529 	   0.253373 
   0.035075 	   2.304600 	   0.248361 
   0.036308 	   2.280354 	   0.243360 
   0.037584 	   2.255771 	   0.238369 
   0.038905 	   2.230833 	   0.233383 
   0.040272 	   2.205542 	   0.228400 
   0.041687 	   2.179967 	   0.223433 
   0.043152 	   2.154104 	   0.218493 
   0.044668 	   2.127939 	   0.213591 
   0.046238 	   2.101459 	   0.208733 
   0.047863 	   2.074652 	   0.203921 
   0.049545 	   2.047504 	   0.199154 
   0.051286 	   2.020004 	   0.194424 
   0.053088 	   1.992136 	   0.189721 
   0.054954 	   1.963890 	   0.185028 
   0.056885 	   1.935251 	   0.180326 
   0.058884 	   1.906140 	   0.175565 
   0.060954 	   1.876467 	   0.170712 
   0.063096 	   1.846304 	   0.165806 
   0.065313 	   1.815723 	   0.160894 
   0.067608 	   1.784798 	   0.156021 
   0.069984 	   1.753604 	   0.151240 
   0.072444 	   1.722215 	   0.146602 
   0.074989 	   1.690703 	   0.142159 
   0.077625 	   1.659143 	   0.137964 
   0.080353 	   1.627609 	   0.134070 
   0.083176 	   1.596175 	   0.130525 
   0.086099 	   1.564766 	   0.127344 
   0.089125 	   1.533227 	   0.124451 
   0.092257 	   1.501475 	   0.121738 
   0.095499 	   1.469428 	   0.119077 
   0.098855 	   1.437003 	   0.116319 
   0.102329 	   1.404063 	   0.113298 
   0.105925 	   1.370508 	   0.110000 
   0.109648 	   1.336590 	   0.106657 
   0.113501 	   1.302578 	   0.103506 
   0.117490 	   1.268743 	   0.100760 
   0.121619 	   1.235208 	   0.098494 
   0.125893 	   1.201769 	   0.096544 
   0.130317 	   1.168400 	   0.094878 
   0.134896 	   1.135085 	   0.093466 
   0.139637 	   1.101808 	   0.092269 
   0.144544 	   1.068568 	   0.091272 
   0.149624 	   1.035408 	   0.090511 
   0.154882 	   1.002370 	   0.090003 
   0.160325 	   0.969460 	   0.089702 
   0.165959 	   0.936674 	   0.089590 
   0.171791 	   0.904049 	   0.089692 
   0.177828 	   0.871611 	   0.089979 
   0.184077 	   0.839356 	   0.090401 
   0.190546 	   0.807303 	   0.090956 
   0.197242 	   0.775465 	   0.091598 
   0.204174 	   0.743852 	   0.092283 
   0.211349 	   0.712486 	   0.093004 
   0.218776 	   0.681377 	   0.093694 
   0.226464 	   0.650546 	   0.094335 
   0.234423 	   0.620016 	   0.094896 
   0.242661 	   0.589803 	   0.095322 
   0.251189 	   0.559939 	   0.095604 
   0.260016 	   0.530441 	   0.095677 
   0.269153 	   0.501343 	   0.095523 
   0.278612 	   0.472665 	   0.095073 
   0.288403 	   0.444458 	   0.094340 
   0.298538 	   0.416749 	   0.093262 
   0.309030 	   0.389585 	   0.091827 
   0.319890 	   0.362998 	   0.089990 
   0.331131 	   0.337034 	   0.087749 
   0.342768 	   0.311731 	   0.085072 
   0.354813 	   0.287126 	   0.081919 
   0.367282 	   0.263267 	   0.078332 
   0.380189 	   0.240191 	   0.074323 
   0.393550 	   0.217940 	   0.069917 
   0.407380 	   0.196552 	   0.065167 
   0.421697 	   0.176069 	   0.060154 
   0.436516 	   0.156530 	   0.054968 
   0.451856 	   0.137978 	   0.049726 
   0.467735 	   0.120462 	   0.044588 
   0.484172 	   0.104015 	   0.039772 
   0.501187 	   0.088680 	   0.035515 
   0.518800 	   0.074513 	   0.032071 
   0.537032 	   0.061540 	   0.029685 
   0.555904 	   0.049798 	   0.028484 
   0.575440 	   0.039315 	   0.028390 
   0.595662 	   0.030094 	   0.029127 
   0.616595 	   0.022141 	   0.030309 
   0.638263 	   0.015430 	   0.031580 
   0.660693 	   0.009913 	   0.032637 
   0.683912 	   0.005540 	   0.033205 
   0.707946 	   0.002213 	   0.033146 
   0.732825 	  -0.000165 	   0.032350 
   0.758578 	  -0.001716 	   0.030756 
   0.785236 	  -0.002572 	   0.028350 
   0.812831 	  -0.002862 	   0.025155 
   0.841395 	  -0.002724 	   0.021247 
   0.870964 	  -0.002282 	   0.016751 
   0.901571 	  -0.001659 	   0.011874 
   0.933254 	  -0.000974 	   0.006956 
   0.966051 	  -0.000353 	   0.002560 
 