# pdf: NNPDF31_nlo_pch_as_0118
# Q0: 2 GeV 
# Nrep: 100
# [xmin, xmax, nx]: [10^(-5), 10^(0), 1001]
# 	 x 	 gluon(cv) 	 gluon(sd) 
 0.00001000 	 9.77606247 	 12.61843538 
 0.00001012 	 9.75256095 	 12.54899762 
 0.00001023 	 9.72903943 	 12.47928367 
 0.00001035 	 9.70549724 	 12.40929915 
 0.00001047 	 9.68193368 	 12.33904971 
 0.00001059 	 9.65834807 	 12.26854097 
 0.00001072 	 9.63473973 	 12.19777854 
 0.00001084 	 9.61110797 	 12.12676801 
 0.00001096 	 9.58745210 	 12.05551499 
 0.00001109 	 9.56377145 	 11.98402506 
 0.00001122 	 9.54006532 	 11.91230387 
 0.00001135 	 9.51633303 	 11.84035711 
 0.00001148 	 9.49257389 	 11.76819057 
 0.00001161 	 9.46878723 	 11.69581019 
 0.00001175 	 9.44497235 	 11.62322210 
 0.00001189 	 9.42112856 	 11.55043268 
 0.00001202 	 9.39725520 	 11.47744865 
 0.00001216 	 9.37328909 	 11.40381140 
 0.00001230 	 9.34915063 	 11.32893323 
 0.00001245 	 9.32486247 	 11.25298448 
 0.00001259 	 9.30044819 	 11.17614218 
 0.00001274 	 9.27593140 	 11.09858248 
 0.00001288 	 9.25133569 	 11.02048026 
 0.00001303 	 9.22668467 	 10.94200868 
 0.00001318 	 9.20200192 	 10.86333891 
 0.00001334 	 9.17731105 	 10.78463976 
 0.00001349 	 9.15263565 	 10.70607749 
 0.00001365 	 9.12799932 	 10.62781558 
 0.00001380 	 9.10342566 	 10.55001456 
 0.00001396 	 9.07893826 	 10.47283201 
 0.00001413 	 9.05456073 	 10.39642249 
 0.00001429 	 9.03031666 	 10.32093761 
 0.00001445 	 9.00622964 	 10.24652620 
 0.00001462 	 8.98232328 	 10.17333449 
 0.00001479 	 8.95862117 	 10.10150647 
 0.00001496 	 8.93514690 	 10.03118424 
 0.00001514 	 8.91192409 	 9.96250855 
 0.00001531 	 8.88897632 	 9.89561939 
 0.00001549 	 8.86632566 	 9.83065020 
 0.00001567 	 8.84396733 	 9.76758629 
 0.00001585 	 8.82187891 	 9.70627711 
 0.00001603 	 8.80003837 	 9.64657047 
 0.00001622 	 8.77842372 	 9.58831619 
 0.00001641 	 8.75701292 	 9.53136561 
 0.00001660 	 8.73578398 	 9.47557116 
 0.00001679 	 8.71471488 	 9.42078597 
 0.00001698 	 8.69378360 	 9.36686351 
 0.00001718 	 8.67296814 	 9.31365728 
 0.00001738 	 8.65224648 	 9.26102055 
 0.00001758 	 8.63159661 	 9.20880614 
 0.00001778 	 8.61099652 	 9.15686629 
 0.00001799 	 8.59042419 	 9.10505251 
 0.00001820 	 8.56985761 	 9.05321553 
 0.00001841 	 8.54927478 	 9.00120536 
 0.00001862 	 8.52865366 	 8.94887126 
 0.00001884 	 8.50797227 	 8.89606196 
 0.00001905 	 8.48720857 	 8.84262578 
 0.00001928 	 8.46634057 	 8.78841091 
 0.00001950 	 8.44534624 	 8.73326573 
 0.00001972 	 8.42420358 	 8.67703920 
 0.00001995 	 8.40305581 	 8.62057016 
 0.00002018 	 8.38208392 	 8.56494660 
 0.00002042 	 8.36125794 	 8.51000829 
 0.00002065 	 8.34054722 	 8.45559162 
 0.00002089 	 8.31992110 	 8.40153339 
 0.00002113 	 8.29934892 	 8.34767055 
 0.00002138 	 8.27880002 	 8.29384000 
 0.00002163 	 8.25824375 	 8.23987855 
 0.00002188 	 8.23764945 	 8.18562283 
 0.00002213 	 8.21698647 	 8.13090941 
 0.00002239 	 8.19622414 	 8.07557495 
 0.00002265 	 8.17533181 	 8.01945647 
 0.00002291 	 8.15427882 	 7.96239166 
 0.00002317 	 8.13303452 	 7.90421939 
 0.00002344 	 8.11156825 	 7.84478028 
 0.00002371 	 8.08984935 	 7.78391737 
 0.00002399 	 8.06784716 	 7.72147696 
 0.00002427 	 8.04553103 	 7.65730962 
 0.00002455 	 8.02287031 	 7.59127126 
 0.00002483 	 7.99983432 	 7.52322449 
 0.00002512 	 7.97639243 	 7.45304011 
 0.00002541 	 7.95252091 	 7.38058046 
 0.00002570 	 7.92825670 	 7.30573582 
 0.00002600 	 7.90362932 	 7.22871888 
 0.00002630 	 7.87866153 	 7.14978775 
 0.00002661 	 7.85337609 	 7.06920236 
 0.00002692 	 7.82779574 	 6.98722296 
 0.00002723 	 7.80194324 	 6.90410849 
 0.00002754 	 7.77584135 	 6.82011502 
 0.00002786 	 7.74951282 	 6.73549422 
 0.00002818 	 7.72298041 	 6.65049186 
 0.00002851 	 7.69626687 	 6.56534631 
 0.00002884 	 7.66939495 	 6.48028708 
 0.00002917 	 7.64238741 	 6.39553344 
 0.00002951 	 7.61526701 	 6.31129308 
 0.00002985 	 7.58805649 	 6.22776083 
 0.00003020 	 7.56077861 	 6.14511756 
 0.00003055 	 7.53345613 	 6.06352917 
 0.00003090 	 7.50611180 	 5.98314574 
 0.00003126 	 7.47876838 	 5.90410092 
 0.00003162 	 7.45144862 	 5.82651156 
 0.00003199 	 7.42417527 	 5.75047759 
 0.00003236 	 7.39697109 	 5.67608221 
 0.00003273 	 7.36966050 	 5.60260783 
 0.00003311 	 7.34206497 	 5.52940166 
 0.00003350 	 7.31421918 	 5.45669081 
 0.00003388 	 7.28615785 	 5.38469015 
 0.00003428 	 7.25791570 	 5.31359932 
 0.00003467 	 7.22952746 	 5.24360012 
 0.00003508 	 7.20102785 	 5.17485396 
 0.00003548 	 7.17245160 	 5.10749952 
 0.00003589 	 7.14383342 	 5.04165064 
 0.00003631 	 7.11520803 	 4.97739454 
 0.00003673 	 7.08661016 	 4.91479034 
 0.00003715 	 7.05807454 	 4.85386805 
 0.00003758 	 7.02963588 	 4.79462800 
 0.00003802 	 7.00132891 	 4.73704082 
 0.00003846 	 6.97318834 	 4.68104800 
 0.00003890 	 6.94524891 	 4.62656304 
 0.00003936 	 6.91754533 	 4.57347328 
 0.00003981 	 6.89011232 	 4.52164243 
 0.00004027 	 6.86298461 	 4.47091372 
 0.00004074 	 6.83619693 	 4.42111390 
 0.00004121 	 6.80978398 	 4.37205778 
 0.00004169 	 6.78373720 	 4.32351389 
 0.00004217 	 6.75783271 	 4.27511831 
 0.00004266 	 6.73204272 	 4.22680239 
 0.00004315 	 6.70637846 	 4.17856278 
 0.00004365 	 6.68085115 	 4.13041595 
 0.00004416 	 6.65547201 	 4.08239531 
 0.00004467 	 6.63025227 	 4.03454833 
 0.00004519 	 6.60520316 	 3.98693382 
 0.00004571 	 6.58033589 	 3.93961934 
 0.00004624 	 6.55566170 	 3.89267872 
 0.00004677 	 6.53119180 	 3.84618977 
 0.00004732 	 6.50693742 	 3.80023204 
 0.00004786 	 6.48290979 	 3.75488488 
 0.00004842 	 6.45912012 	 3.71022562 
 0.00004898 	 6.43557964 	 3.66632795 
 0.00004955 	 6.41229959 	 3.62326060 
 0.00005012 	 6.38929117 	 3.58108624 
 0.00005070 	 6.36656561 	 3.53986072 
 0.00005129 	 6.34413414 	 3.49963263 
 0.00005188 	 6.32200799 	 3.46044322 
 0.00005248 	 6.30019837 	 3.42232678 
 0.00005309 	 6.27871641 	 3.38531082 
 0.00005370 	 6.25746936 	 3.34889435 
 0.00005433 	 6.23638077 	 3.31270698 
 0.00005495 	 6.21546693 	 3.27686874 
 0.00005559 	 6.19474414 	 3.24149767 
 0.00005623 	 6.17422868 	 3.20670791 
 0.00005689 	 6.15393685 	 3.17260782 
 0.00005754 	 6.13388495 	 3.13929819 
 0.00005821 	 6.11408926 	 3.10687056 
 0.00005888 	 6.09456607 	 3.07540567 
 0.00005957 	 6.07533169 	 3.04497208 
 0.00006026 	 6.05640241 	 3.01562500 
 0.00006095 	 6.03779451 	 2.98740534 
 0.00006166 	 6.01952429 	 2.96033901 
 0.00006237 	 6.00160804 	 2.93443651 
 0.00006310 	 5.98406206 	 2.90969290 
 0.00006383 	 5.96690265 	 2.88608804 
 0.00006457 	 5.95014608 	 2.86358722 
 0.00006531 	 5.93380866 	 2.84214218 
 0.00006607 	 5.91790668 	 2.82169253 
 0.00006683 	 5.90245643 	 2.80216750 
 0.00006761 	 5.88747420 	 2.78348811 
 0.00006839 	 5.87298499 	 2.76554631 
 0.00006918 	 5.85903022 	 2.74814535 
 0.00006998 	 5.84559152 	 2.73119640 
 0.00007079 	 5.83264370 	 2.71463531 
 0.00007161 	 5.82016156 	 2.69840694 
 0.00007244 	 5.80811988 	 2.68246451 
 0.00007328 	 5.79649348 	 2.66676878 
 0.00007413 	 5.78525714 	 2.65128747 
 0.00007499 	 5.77438565 	 2.63599456 
 0.00007586 	 5.76385383 	 2.62086968 
 0.00007674 	 5.75363645 	 2.60589752 
 0.00007762 	 5.74370832 	 2.59106736 
 0.00007852 	 5.73404424 	 2.57637253 
 0.00007943 	 5.72461899 	 2.56181002 
 0.00008035 	 5.71540738 	 2.54738009 
 0.00008128 	 5.70638420 	 2.53308598 
 0.00008222 	 5.69752426 	 2.51893363 
 0.00008318 	 5.68880233 	 2.50493151 
 0.00008414 	 5.68019323 	 2.49109051 
 0.00008511 	 5.67167174 	 2.47742385 
 0.00008610 	 5.66321267 	 2.46394713 
 0.00008710 	 5.65479195 	 2.45067804 
 0.00008810 	 5.64658820 	 2.43756531 
 0.00008913 	 5.63872688 	 2.42454999 
 0.00009016 	 5.63118367 	 2.41161753 
 0.00009120 	 5.62393420 	 2.39875614 
 0.00009226 	 5.61695414 	 2.38595639 
 0.00009333 	 5.61021914 	 2.37321083 
 0.00009441 	 5.60370486 	 2.36051365 
 0.00009550 	 5.59738695 	 2.34786032 
 0.00009661 	 5.59124107 	 2.33524729 
 0.00009772 	 5.58524287 	 2.32267173 
 0.00009886 	 5.57936801 	 2.31013130 
 0.00010000 	 5.57359213 	 2.29762387 
 0.00010116 	 5.56789091 	 2.28514740 
 0.00010233 	 5.56223998 	 2.27269975 
 0.00010351 	 5.55661501 	 2.26027858 
 0.00010471 	 5.55099165 	 2.24788127 
 0.00010593 	 5.54534556 	 2.23550484 
 0.00010715 	 5.53965239 	 2.22314601 
 0.00010839 	 5.53388779 	 2.21080115 
 0.00010965 	 5.52802743 	 2.19846645 
 0.00011092 	 5.52204695 	 2.18613795 
 0.00011220 	 5.51595942 	 2.17381161 
 0.00011350 	 5.50990091 	 2.16148674 
 0.00011482 	 5.50388324 	 2.14916794 
 0.00011614 	 5.49790270 	 2.13685995 
 0.00011749 	 5.49195556 	 2.12456730 
 0.00011885 	 5.48603811 	 2.11229428 
 0.00012023 	 5.48014662 	 2.10004483 
 0.00012162 	 5.47427738 	 2.08782248 
 0.00012303 	 5.46842666 	 2.07563038 
 0.00012445 	 5.46259075 	 2.06347115 
 0.00012589 	 5.45676593 	 2.05134697 
 0.00012735 	 5.45094849 	 2.03925944 
 0.00012882 	 5.44513469 	 2.02720966 
 0.00013032 	 5.43932083 	 2.01519818 
 0.00013183 	 5.43350317 	 2.00322502 
 0.00013335 	 5.42767802 	 1.99128968 
 0.00013490 	 5.42184163 	 1.97939116 
 0.00013646 	 5.41599031 	 1.96752804 
 0.00013804 	 5.41012031 	 1.95569846 
 0.00013964 	 5.40422794 	 1.94390025 
 0.00014125 	 5.39830947 	 1.93213096 
 0.00014289 	 5.39236123 	 1.92038727 
 0.00014454 	 5.38638534 	 1.90861695 
 0.00014622 	 5.38038650 	 1.89679573 
 0.00014791 	 5.37436745 	 1.88493373 
 0.00014962 	 5.36833092 	 1.87304142 
 0.00015136 	 5.36227964 	 1.86112950 
 0.00015311 	 5.35621637 	 1.84920890 
 0.00015488 	 5.35014382 	 1.83729067 
 0.00015668 	 5.34406476 	 1.82538595 
 0.00015849 	 5.33798190 	 1.81350590 
 0.00016032 	 5.33189799 	 1.80166167 
 0.00016218 	 5.32581577 	 1.78986439 
 0.00016406 	 5.31973797 	 1.77812511 
 0.00016596 	 5.31366733 	 1.76645478 
 0.00016788 	 5.30760660 	 1.75486427 
 0.00016982 	 5.30155850 	 1.74336436 
 0.00017179 	 5.29552577 	 1.73196571 
 0.00017378 	 5.28951116 	 1.72067894 
 0.00017579 	 5.28351740 	 1.70951460 
 0.00017783 	 5.27754723 	 1.69848324 
 0.00017989 	 5.27160338 	 1.68759546 
 0.00018197 	 5.26568860 	 1.67686195 
 0.00018408 	 5.25981446 	 1.66629411 
 0.00018621 	 5.25400875 	 1.65589490 
 0.00018836 	 5.24826532 	 1.64565423 
 0.00019055 	 5.24257526 	 1.63556160 
 0.00019275 	 5.23692964 	 1.62560654 
 0.00019498 	 5.23131955 	 1.61577845 
 0.00019724 	 5.22573607 	 1.60606650 
 0.00019953 	 5.22017027 	 1.59645950 
 0.00020184 	 5.21461324 	 1.58694581 
 0.00020417 	 5.20905607 	 1.57751328 
 0.00020654 	 5.20348981 	 1.56814916 
 0.00020893 	 5.19790557 	 1.55884011 
 0.00021135 	 5.19229442 	 1.54957217 
 0.00021380 	 5.18664745 	 1.54033077 
 0.00021627 	 5.18095572 	 1.53110076 
 0.00021878 	 5.17521032 	 1.52186647 
 0.00022131 	 5.16940234 	 1.51261181 
 0.00022387 	 5.16352285 	 1.50332037 
 0.00022646 	 5.15756294 	 1.49397551 
 0.00022909 	 5.15151368 	 1.48456061 
 0.00023174 	 5.14536615 	 1.47505918 
 0.00023442 	 5.13911180 	 1.46545641 
 0.00023714 	 5.13276020 	 1.45579502 
 0.00023988 	 5.12632345 	 1.44610508 
 0.00024266 	 5.11980730 	 1.43639045 
 0.00024547 	 5.11321751 	 1.42665517 
 0.00024831 	 5.10655985 	 1.41690337 
 0.00025119 	 5.09984006 	 1.40713924 
 0.00025410 	 5.09306391 	 1.39736699 
 0.00025704 	 5.08623715 	 1.38759077 
 0.00026002 	 5.07936555 	 1.37781466 
 0.00026303 	 5.07245486 	 1.36804264 
 0.00026607 	 5.06551084 	 1.35827849 
 0.00026915 	 5.05853925 	 1.34852584 
 0.00027227 	 5.05154585 	 1.33878809 
 0.00027542 	 5.04453640 	 1.32906839 
 0.00027861 	 5.03751664 	 1.31936964 
 0.00028184 	 5.03049235 	 1.30969446 
 0.00028510 	 5.02346928 	 1.30004518 
 0.00028840 	 5.01645319 	 1.29042386 
 0.00029174 	 5.00944984 	 1.28083224 
 0.00029512 	 5.00246499 	 1.27127179 
 0.00029854 	 4.99550438 	 1.26174370 
 0.00030200 	 4.98854293 	 1.25222362 
 0.00030549 	 4.98149939 	 1.24264802 
 0.00030903 	 4.97438003 	 1.23303215 
 0.00031261 	 4.96719701 	 1.22339599 
 0.00031623 	 4.95996248 	 1.21375895 
 0.00031989 	 4.95268857 	 1.20413963 
 0.00032359 	 4.94538745 	 1.19455565 
 0.00032734 	 4.93807126 	 1.18502341 
 0.00033113 	 4.93075214 	 1.17555798 
 0.00033497 	 4.92344225 	 1.16617290 
 0.00033884 	 4.91615374 	 1.15688010 
 0.00034277 	 4.90889876 	 1.14768982 
 0.00034674 	 4.90168944 	 1.13861049 
 0.00035075 	 4.89453795 	 1.12964877 
 0.00035481 	 4.88745643 	 1.12080951 
 0.00035892 	 4.88045703 	 1.11209581 
 0.00036308 	 4.87355190 	 1.10350913 
 0.00036728 	 4.86675319 	 1.09504936 
 0.00037154 	 4.86007304 	 1.08671501 
 0.00037584 	 4.85352361 	 1.07850348 
 0.00038019 	 4.84711704 	 1.07041121 
 0.00038459 	 4.84086403 	 1.06243336 
 0.00038905 	 4.83473281 	 1.05454441 
 0.00039355 	 4.82870302 	 1.04672856 
 0.00039811 	 4.82277062 	 1.03897972 
 0.00040272 	 4.81693159 	 1.03129259 
 0.00040738 	 4.81118189 	 1.02366255 
 0.00041210 	 4.80551749 	 1.01608560 
 0.00041687 	 4.79993437 	 1.00855826 
 0.00042170 	 4.79442850 	 1.00107750 
 0.00042658 	 4.78899585 	 0.99364072 
 0.00043152 	 4.78363239 	 0.98624561 
 0.00043652 	 4.77833408 	 0.97889014 
 0.00044157 	 4.77309691 	 0.97157250 
 0.00044668 	 4.76791683 	 0.96429107 
 0.00045186 	 4.76278983 	 0.95704435 
 0.00045709 	 4.75771187 	 0.94983093 
 0.00046238 	 4.75267892 	 0.94264950 
 0.00046774 	 4.74768695 	 0.93549879 
 0.00047315 	 4.74273194 	 0.92837760 
 0.00047863 	 4.73780985 	 0.92128478 
 0.00048417 	 4.73291665 	 0.91421922 
 0.00048978 	 4.72804832 	 0.90717992 
 0.00049545 	 4.72321728 	 0.90016750 
 0.00050119 	 4.71846032 	 0.89318505 
 0.00050699 	 4.71377510 	 0.88623216 
 0.00051286 	 4.70915735 	 0.87930846 
 0.00051880 	 4.70460281 	 0.87241372 
 0.00052481 	 4.70010721 	 0.86554788 
 0.00053088 	 4.69566630 	 0.85871094 
 0.00053703 	 4.69127581 	 0.85190299 
 0.00054325 	 4.68693148 	 0.84512414 
 0.00054954 	 4.68262903 	 0.83837450 
 0.00055590 	 4.67836421 	 0.83165417 
 0.00056234 	 4.67413275 	 0.82496318 
 0.00056885 	 4.66993039 	 0.81830152 
 0.00057544 	 4.66575287 	 0.81166908 
 0.00058210 	 4.66159592 	 0.80506567 
 0.00058884 	 4.65745527 	 0.79849099 
 0.00059566 	 4.65332667 	 0.79194462 
 0.00060256 	 4.64920584 	 0.78542605 
 0.00060954 	 4.64508853 	 0.77893464 
 0.00061660 	 4.64097047 	 0.77246966 
 0.00062373 	 4.63684740 	 0.76603030 
 0.00063096 	 4.63271631 	 0.75961614 
 0.00063826 	 4.62859832 	 0.75323573 
 0.00064565 	 4.62450191 	 0.74689194 
 0.00065313 	 4.62042647 	 0.74058404 
 0.00066069 	 4.61637144 	 0.73431129 
 0.00066834 	 4.61233622 	 0.72807292 
 0.00067608 	 4.60832024 	 0.72186810 
 0.00068391 	 4.60432290 	 0.71569592 
 0.00069183 	 4.60034363 	 0.70955540 
 0.00069984 	 4.59638184 	 0.70344545 
 0.00070795 	 4.59243695 	 0.69736488 
 0.00071614 	 4.58850836 	 0.69131237 
 0.00072444 	 4.58459551 	 0.68528648 
 0.00073282 	 4.58069781 	 0.67928564 
 0.00074131 	 4.57681466 	 0.67330815 
 0.00074989 	 4.57294549 	 0.66735218 
 0.00075858 	 4.56908972 	 0.66141578 
 0.00076736 	 4.56524675 	 0.65549688 
 0.00077625 	 4.56141602 	 0.64959331 
 0.00078524 	 4.55759692 	 0.64370281 
 0.00079433 	 4.55378888 	 0.63782305 
 0.00080353 	 4.54999132 	 0.63195165 
 0.00081283 	 4.54620829 	 0.62608663 
 0.00082224 	 4.54244856 	 0.62022905 
 0.00083176 	 4.53871093 	 0.61438135 
 0.00084140 	 4.53499388 	 0.60854591 
 0.00085114 	 4.53129590 	 0.60272510 
 0.00086099 	 4.52761546 	 0.59692126 
 0.00087096 	 4.52395104 	 0.59113667 
 0.00088105 	 4.52030114 	 0.58537354 
 0.00089125 	 4.51666422 	 0.57963406 
 0.00090157 	 4.51303877 	 0.57392033 
 0.00091201 	 4.50942326 	 0.56823437 
 0.00092257 	 4.50581619 	 0.56257815 
 0.00093325 	 4.50221602 	 0.55695354 
 0.00094406 	 4.49862125 	 0.55136233 
 0.00095499 	 4.49503035 	 0.54580622 
 0.00096605 	 4.49144180 	 0.54028682 
 0.00097724 	 4.48785408 	 0.53480565 
 0.00098855 	 4.48426567 	 0.52936411 
 0.00100000 	 4.48067506 	 0.52396352 
 0.00101158 	 4.47708073 	 0.51860510 
 0.00102329 	 4.47348115 	 0.51328995 
 0.00103514 	 4.46987629 	 0.50801742 
 0.00104713 	 4.46628565 	 0.50276533 
 0.00105925 	 4.46271363 	 0.49753020 
 0.00107152 	 4.45915758 	 0.49231672 
 0.00108393 	 4.45561483 	 0.48712948 
 0.00109648 	 4.45208273 	 0.48197292 
 0.00110917 	 4.44855860 	 0.47685136 
 0.00112202 	 4.44503979 	 0.47176887 
 0.00113501 	 4.44152364 	 0.46672932 
 0.00114815 	 4.43800748 	 0.46173631 
 0.00116145 	 4.43448866 	 0.45679315 
 0.00117490 	 4.43096450 	 0.45190285 
 0.00118850 	 4.42743235 	 0.44706808 
 0.00120226 	 4.42388955 	 0.44229117 
 0.00121619 	 4.42033343 	 0.43757407 
 0.00123027 	 4.41676133 	 0.43291837 
 0.00124451 	 4.41317059 	 0.42832531 
 0.00125893 	 4.40955855 	 0.42379571 
 0.00127350 	 4.40592254 	 0.41933007 
 0.00128825 	 4.40225991 	 0.41492850 
 0.00130317 	 4.39856799 	 0.41059080 
 0.00131826 	 4.39484412 	 0.40631646 
 0.00133352 	 4.39109311 	 0.40209928 
 0.00134896 	 4.38732717 	 0.39792889 
 0.00136458 	 4.38354636 	 0.39380476 
 0.00138038 	 4.37975047 	 0.38972660 
 0.00139637 	 4.37593929 	 0.38569416 
 0.00141254 	 4.37211261 	 0.38170719 
 0.00142889 	 4.36827022 	 0.37776548 
 0.00144544 	 4.36441191 	 0.37386882 
 0.00146218 	 4.36053748 	 0.37001698 
 0.00147911 	 4.35664671 	 0.36620975 
 0.00149624 	 4.35273939 	 0.36244689 
 0.00151356 	 4.34881533 	 0.35872816 
 0.00153109 	 4.34487430 	 0.35505329 
 0.00154882 	 4.34091610 	 0.35142196 
 0.00156675 	 4.33694052 	 0.34783386 
 0.00158489 	 4.33294735 	 0.34428860 
 0.00160325 	 4.32893638 	 0.34078577 
 0.00162181 	 4.32490740 	 0.33732494 
 0.00164059 	 4.32086021 	 0.33390559 
 0.00165959 	 4.31679459 	 0.33052719 
 0.00167880 	 4.31271034 	 0.32718916 
 0.00169824 	 4.30860697 	 0.32389050 
 0.00171791 	 4.30448157 	 0.32062649 
 0.00173780 	 4.30033402 	 0.31739577 
 0.00175792 	 4.29616513 	 0.31419824 
 0.00177828 	 4.29197571 	 0.31103389 
 0.00179887 	 4.28776656 	 0.30790275 
 0.00181970 	 4.28353848 	 0.30480495 
 0.00184077 	 4.27929228 	 0.30174060 
 0.00186209 	 4.27502876 	 0.29870986 
 0.00188365 	 4.27074873 	 0.29571289 
 0.00190546 	 4.26645300 	 0.29274984 
 0.00192752 	 4.26214236 	 0.28982087 
 0.00194984 	 4.25781762 	 0.28692607 
 0.00197242 	 4.25347959 	 0.28406554 
 0.00199526 	 4.24912907 	 0.28123930 
 0.00201837 	 4.24476687 	 0.27844735 
 0.00204174 	 4.24039378 	 0.27568962 
 0.00206538 	 4.23601062 	 0.27296599 
 0.00208930 	 4.23161819 	 0.27027630 
 0.00211349 	 4.22721729 	 0.26762032 
 0.00213796 	 4.22280873 	 0.26499778 
 0.00216272 	 4.21839331 	 0.26240834 
 0.00218776 	 4.21397087 	 0.25984909 
 0.00221309 	 4.20953995 	 0.25731628 
 0.00223872 	 4.20510003 	 0.25481043 
 0.00226464 	 4.20065058 	 0.25233213 
 0.00229087 	 4.19619109 	 0.24988195 
 0.00231739 	 4.19172105 	 0.24746043 
 0.00234423 	 4.18723994 	 0.24506811 
 0.00237137 	 4.18274726 	 0.24270546 
 0.00239883 	 4.17824248 	 0.24037292 
 0.00242661 	 4.17372509 	 0.23807086 
 0.00245471 	 4.16919457 	 0.23579959 
 0.00248313 	 4.16465042 	 0.23355934 
 0.00251189 	 4.16009212 	 0.23135027 
 0.00254097 	 4.15551915 	 0.22917244 
 0.00257040 	 4.15093100 	 0.22702583 
 0.00260016 	 4.14632715 	 0.22491032 
 0.00263027 	 4.14170709 	 0.22282568 
 0.00266073 	 4.13707031 	 0.22077159 
 0.00269153 	 4.13241630 	 0.21874763 
 0.00272270 	 4.12774452 	 0.21675328 
 0.00275423 	 4.12305448 	 0.21478793 
 0.00278612 	 4.11834577 	 0.21285051 
 0.00281838 	 4.11361909 	 0.21093764 
 0.00285102 	 4.10887498 	 0.20904884 
 0.00288403 	 4.10411378 	 0.20718439 
 0.00291743 	 4.09933585 	 0.20534454 
 0.00295121 	 4.09454155 	 0.20352954 
 0.00298538 	 4.08973122 	 0.20173957 
 0.00301995 	 4.08490522 	 0.19997478 
 0.00305492 	 4.08006391 	 0.19823526 
 0.00309030 	 4.07520764 	 0.19652103 
 0.00312608 	 4.07033677 	 0.19483205 
 0.00316228 	 4.06545164 	 0.19316818 
 0.00319890 	 4.06055261 	 0.19152923 
 0.00323594 	 4.05564004 	 0.18991488 
 0.00327341 	 4.05071427 	 0.18832475 
 0.00331131 	 4.04577567 	 0.18675836 
 0.00334965 	 4.04082459 	 0.18521512 
 0.00338844 	 4.03586138 	 0.18369436 
 0.00342768 	 4.03088639 	 0.18219531 
 0.00346737 	 4.02589998 	 0.18071709 
 0.00350752 	 4.02090250 	 0.17925877 
 0.00354813 	 4.01589431 	 0.17781928 
 0.00358922 	 4.01087346 	 0.17639591 
 0.00363078 	 4.00583732 	 0.17498629 
 0.00367282 	 4.00078627 	 0.17359073 
 0.00371535 	 3.99572072 	 0.17220958 
 0.00375837 	 3.99064104 	 0.17084324 
 0.00380189 	 3.98554762 	 0.16949210 
 0.00384592 	 3.98044086 	 0.16815657 
 0.00389045 	 3.97532114 	 0.16683709 
 0.00393550 	 3.97018885 	 0.16553407 
 0.00398107 	 3.96504438 	 0.16424793 
 0.00402717 	 3.95988813 	 0.16297906 
 0.00407380 	 3.95472047 	 0.16172785 
 0.00412098 	 3.94954180 	 0.16049467 
 0.00416869 	 3.94435251 	 0.15927985 
 0.00421697 	 3.93915299 	 0.15808372 
 0.00426580 	 3.93394362 	 0.15690656 
 0.00431519 	 3.92872480 	 0.15574863 
 0.00436516 	 3.92349691 	 0.15461016 
 0.00441570 	 3.91826034 	 0.15349137 
 0.00446684 	 3.91301549 	 0.15239244 
 0.00451856 	 3.90776274 	 0.15131355 
 0.00457088 	 3.90250232 	 0.15025419 
 0.00462381 	 3.89723326 	 0.14921015 
 0.00467735 	 3.89195517 	 0.14818137 
 0.00473151 	 3.88666788 	 0.14716874 
 0.00478630 	 3.88137118 	 0.14617311 
 0.00484172 	 3.87606491 	 0.14519525 
 0.00489779 	 3.87074887 	 0.14423587 
 0.00495450 	 3.86542287 	 0.14329555 
 0.00501187 	 3.86008674 	 0.14237479 
 0.00506991 	 3.85474028 	 0.14147393 
 0.00512861 	 3.84938331 	 0.14059317 
 0.00518800 	 3.84401565 	 0.13973260 
 0.00524807 	 3.83863710 	 0.13889210 
 0.00530884 	 3.83324749 	 0.13807142 
 0.00537032 	 3.82784663 	 0.13727015 
 0.00543250 	 3.82243433 	 0.13648771 
 0.00549541 	 3.81701041 	 0.13572336 
 0.00555904 	 3.81157469 	 0.13497622 
 0.00562341 	 3.80612697 	 0.13424527 
 0.00568853 	 3.80066707 	 0.13352936 
 0.00575440 	 3.79519480 	 0.13282723 
 0.00582103 	 3.78970999 	 0.13213752 
 0.00588844 	 3.78421519 	 0.13145779 
 0.00595662 	 3.77871290 	 0.13078727 
 0.00602560 	 3.77320249 	 0.13012722 
 0.00609537 	 3.76768333 	 0.12947883 
 0.00616595 	 3.76215478 	 0.12884325 
 0.00623735 	 3.75661619 	 0.12822153 
 0.00630957 	 3.75106695 	 0.12761463 
 0.00638263 	 3.74550641 	 0.12702345 
 0.00645654 	 3.73993393 	 0.12644877 
 0.00653131 	 3.73434889 	 0.12589126 
 0.00660693 	 3.72875065 	 0.12535152 
 0.00668344 	 3.72313856 	 0.12483002 
 0.00676083 	 3.71751200 	 0.12432715 
 0.00683912 	 3.71187034 	 0.12384321 
 0.00691831 	 3.70621292 	 0.12337842 
 0.00699842 	 3.70053913 	 0.12293291 
 0.00707946 	 3.69484833 	 0.12250677 
 0.00716143 	 3.68913987 	 0.12210003 
 0.00724436 	 3.68341313 	 0.12171271 
 0.00732825 	 3.67766747 	 0.12134481 
 0.00741310 	 3.67190225 	 0.12099636 
 0.00749894 	 3.66611694 	 0.12066645 
 0.00758578 	 3.66031191 	 0.12035060 
 0.00767361 	 3.65448777 	 0.12005065 
 0.00776247 	 3.64864508 	 0.11976942 
 0.00785236 	 3.64278439 	 0.11950960 
 0.00794328 	 3.63690626 	 0.11927367 
 0.00803526 	 3.63101125 	 0.11906380 
 0.00812831 	 3.62509992 	 0.11888185 
 0.00822243 	 3.61917282 	 0.11872925 
 0.00831764 	 3.61323051 	 0.11860704 
 0.00841395 	 3.60727355 	 0.11851574 
 0.00851138 	 3.60130249 	 0.11845542 
 0.00860994 	 3.59531790 	 0.11842560 
 0.00870964 	 3.58932032 	 0.11842531 
 0.00881049 	 3.58331033 	 0.11845308 
 0.00891251 	 3.57728847 	 0.11850694 
 0.00901571 	 3.57125530 	 0.11858444 
 0.00912011 	 3.56521138 	 0.11868272 
 0.00922571 	 3.55915727 	 0.11879853 
 0.00933254 	 3.55309352 	 0.11892828 
 0.00944061 	 3.54702070 	 0.11906810 
 0.00954993 	 3.54093935 	 0.11921393 
 0.00966051 	 3.53484994 	 0.11937009 
 0.00977237 	 3.52875214 	 0.11954282 
 0.00988553 	 3.52264537 	 0.11973181 
 0.01000000 	 3.51652905 	 0.11993660 
 0.01011579 	 3.51040259 	 0.12015655 
 0.01023293 	 3.50426541 	 0.12039080 
 0.01035142 	 3.49811692 	 0.12063828 
 0.01047129 	 3.49195654 	 0.12089771 
 0.01059254 	 3.48578369 	 0.12116763 
 0.01071519 	 3.47959777 	 0.12144634 
 0.01083927 	 3.47339821 	 0.12173199 
 0.01096478 	 3.46718442 	 0.12202254 
 0.01109175 	 3.46095582 	 0.12231581 
 0.01122018 	 3.45471182 	 0.12260950 
 0.01135011 	 3.44845184 	 0.12290121 
 0.01148154 	 3.44217529 	 0.12318848 
 0.01161449 	 3.43588159 	 0.12346886 
 0.01174898 	 3.42957016 	 0.12373986 
 0.01188502 	 3.42324040 	 0.12399911 
 0.01202264 	 3.41689174 	 0.12424432 
 0.01216186 	 3.41052360 	 0.12447336 
 0.01230269 	 3.40413759 	 0.12468411 
 0.01244515 	 3.39774372 	 0.12487609 
 0.01258925 	 3.39134200 	 0.12505293 
 0.01273503 	 3.38493097 	 0.12521858 
 0.01288250 	 3.37850912 	 0.12537688 
 0.01303167 	 3.37207499 	 0.12553148 
 0.01318257 	 3.36562709 	 0.12568577 
 0.01333521 	 3.35916395 	 0.12584283 
 0.01348963 	 3.35268406 	 0.12600536 
 0.01364583 	 3.34618597 	 0.12617566 
 0.01380384 	 3.33966818 	 0.12635558 
 0.01396368 	 3.33312921 	 0.12654652 
 0.01412538 	 3.32656758 	 0.12674939 
 0.01428894 	 3.31998181 	 0.12696465 
 0.01445440 	 3.31337042 	 0.12719227 
 0.01462177 	 3.30673193 	 0.12743181 
 0.01479108 	 3.30006484 	 0.12768238 
 0.01496236 	 3.29336769 	 0.12794277 
 0.01513561 	 3.28663899 	 0.12821140 
 0.01531087 	 3.27987726 	 0.12848645 
 0.01548817 	 3.27308101 	 0.12876592 
 0.01566751 	 3.26624882 	 0.12904772 
 0.01584893 	 3.25939033 	 0.12933861 
 0.01603245 	 3.25251260 	 0.12964588 
 0.01621810 	 3.24561440 	 0.12997106 
 0.01640590 	 3.23869450 	 0.13031548 
 0.01659587 	 3.23175165 	 0.13068003 
 0.01678804 	 3.22478463 	 0.13106508 
 0.01698244 	 3.21779219 	 0.13147040 
 0.01717908 	 3.21077309 	 0.13189502 
 0.01737801 	 3.20372610 	 0.13233721 
 0.01757924 	 3.19664999 	 0.13279443 
 0.01778279 	 3.18954350 	 0.13326333 
 0.01798871 	 3.18240541 	 0.13373973 
 0.01819701 	 3.17523448 	 0.13421868 
 0.01840772 	 3.16802947 	 0.13469445 
 0.01862087 	 3.16078915 	 0.13516064 
 0.01883649 	 3.15351227 	 0.13561021 
 0.01905461 	 3.14619759 	 0.13603559 
 0.01927525 	 3.13884389 	 0.13642879 
 0.01949845 	 3.13144993 	 0.13678144 
 0.01972423 	 3.12401446 	 0.13708502 
 0.01995262 	 3.11653625 	 0.13733089 
 0.02018366 	 3.10901792 	 0.13751503 
 0.02041738 	 3.10147399 	 0.13765246 
 0.02065380 	 3.09390443 	 0.13774723 
 0.02089296 	 3.08630745 	 0.13780156 
 0.02113489 	 3.07868126 	 0.13781764 
 0.02137962 	 3.07102405 	 0.13779753 
 0.02162719 	 3.06333402 	 0.13774312 
 0.02187762 	 3.05560939 	 0.13765611 
 0.02213095 	 3.04784835 	 0.13753802 
 0.02238721 	 3.04004910 	 0.13739010 
 0.02264644 	 3.03220986 	 0.13721337 
 0.02290868 	 3.02432882 	 0.13700860 
 0.02317395 	 3.01640419 	 0.13677632 
 0.02344229 	 3.00843417 	 0.13651680 
 0.02371374 	 3.00041696 	 0.13623009 
 0.02398833 	 2.99235077 	 0.13591606 
 0.02426610 	 2.98423380 	 0.13557438 
 0.02454709 	 2.97606426 	 0.13520461 
 0.02483133 	 2.96784034 	 0.13480619 
 0.02511886 	 2.95956025 	 0.13437856 
 0.02540973 	 2.95122219 	 0.13392118 
 0.02570396 	 2.94282448 	 0.13343350 
 0.02600160 	 2.93437395 	 0.13290918 
 0.02630268 	 2.92587559 	 0.13234595 
 0.02660725 	 2.91732928 	 0.13174636 
 0.02691535 	 2.90873492 	 0.13111325 
 0.02722701 	 2.90009240 	 0.13044958 
 0.02754229 	 2.89140162 	 0.12975829 
 0.02786121 	 2.88266247 	 0.12904226 
 0.02818383 	 2.87387484 	 0.12830412 
 0.02851018 	 2.86503863 	 0.12754629 
 0.02884032 	 2.85615373 	 0.12677079 
 0.02917427 	 2.84722004 	 0.12597931 
 0.02951209 	 2.83823744 	 0.12517309 
 0.02985383 	 2.82920584 	 0.12435296 
 0.03019952 	 2.82012512 	 0.12351931 
 0.03054921 	 2.81099518 	 0.12267214 
 0.03090295 	 2.80181591 	 0.12181110 
 0.03126079 	 2.79258721 	 0.12093554 
 0.03162278 	 2.78330897 	 0.12004459 
 0.03198895 	 2.77398108 	 0.11913730 
 0.03235937 	 2.76460345 	 0.11821277 
 0.03273407 	 2.75517595 	 0.11727027 
 0.03311311 	 2.74570562 	 0.11630596 
 0.03349654 	 2.73621532 	 0.11531293 
 0.03388442 	 2.72670246 	 0.11430226 
 0.03427678 	 2.71716220 	 0.11328636 
 0.03467369 	 2.70758972 	 0.11227726 
 0.03507519 	 2.69798017 	 0.11128624 
 0.03548134 	 2.68832871 	 0.11032350 
 0.03589219 	 2.67863049 	 0.10939781 
 0.03630781 	 2.66888069 	 0.10851626 
 0.03672823 	 2.65907445 	 0.10768405 
 0.03715352 	 2.64920694 	 0.10690425 
 0.03758374 	 2.63927332 	 0.10617771 
 0.03801894 	 2.62926874 	 0.10550300 
 0.03845918 	 2.61918838 	 0.10487647 
 0.03890451 	 2.60902738 	 0.10429227 
 0.03935501 	 2.59878091 	 0.10374258 
 0.03981072 	 2.58844413 	 0.10321781 
 0.04027170 	 2.57801219 	 0.10270695 
 0.04073803 	 2.56748027 	 0.10219790 
 0.04120975 	 2.55684350 	 0.10167793 
 0.04168694 	 2.54609707 	 0.10113418 
 0.04216965 	 2.53523678 	 0.10055411 
 0.04265795 	 2.52428838 	 0.09992924 
 0.04315191 	 2.51326603 	 0.09926984 
 0.04365158 	 2.50216805 	 0.09859145 
 0.04415704 	 2.49099280 	 0.09791004 
 0.04466836 	 2.47973862 	 0.09724141 
 0.04518559 	 2.46840384 	 0.09660057 
 0.04570882 	 2.45698682 	 0.09600119 
 0.04623810 	 2.44548588 	 0.09545512 
 0.04677351 	 2.43389939 	 0.09497186 
 0.04731513 	 2.42222567 	 0.09455825 
 0.04786301 	 2.41046308 	 0.09421809 
 0.04841724 	 2.39860995 	 0.09395196 
 0.04897788 	 2.38666462 	 0.09375716 
 0.04954502 	 2.37462544 	 0.09362769 
 0.05011872 	 2.36249075 	 0.09355440 
 0.05069907 	 2.35025890 	 0.09352524 
 0.05128614 	 2.33792822 	 0.09352562 
 0.05188000 	 2.32549706 	 0.09353881 
 0.05248075 	 2.31296376 	 0.09354642 
 0.05308844 	 2.30032666 	 0.09352895 
 0.05370318 	 2.28758411 	 0.09346640 
 0.05432503 	 2.27473725 	 0.09335076 
 0.05495409 	 2.26179362 	 0.09320825 
 0.05559043 	 2.24875383 	 0.09304301 
 0.05623413 	 2.23561795 	 0.09285739 
 0.05688529 	 2.22238606 	 0.09265364 
 0.05754399 	 2.20905822 	 0.09243366 
 0.05821032 	 2.19563452 	 0.09219876 
 0.05888437 	 2.18211503 	 0.09194944 
 0.05956621 	 2.16849982 	 0.09168527 
 0.06025596 	 2.15478897 	 0.09140470 
 0.06095369 	 2.14098254 	 0.09110508 
 0.06165950 	 2.12708062 	 0.09078253 
 0.06237348 	 2.11308328 	 0.09043201 
 0.06309573 	 2.09899058 	 0.09004734 
 0.06382635 	 2.08480261 	 0.08962129 
 0.06456542 	 2.07051945 	 0.08914568 
 0.06531306 	 2.05614115 	 0.08861159 
 0.06606934 	 2.04166780 	 0.08800951 
 0.06683439 	 2.02709947 	 0.08732958 
 0.06760830 	 2.01243623 	 0.08656190 
 0.06839116 	 1.99767817 	 0.08569684 
 0.06918310 	 1.98282363 	 0.08472402 
 0.06998420 	 1.96782539 	 0.08360128 
 0.07079458 	 1.95266988 	 0.08232859 
 0.07161434 	 1.93736751 	 0.08092985 
 0.07244360 	 1.92192873 	 0.07943053 
 0.07328245 	 1.90636398 	 0.07785717 
 0.07413102 	 1.89068371 	 0.07623674 
 0.07498942 	 1.87489836 	 0.07459615 
 0.07585776 	 1.85901836 	 0.07296157 
 0.07673615 	 1.84305415 	 0.07135775 
 0.07762471 	 1.82701618 	 0.06980734 
 0.07852356 	 1.81091489 	 0.06833011 
 0.07943282 	 1.79476072 	 0.06694222 
 0.08035261 	 1.77856411 	 0.06565554 
 0.08128305 	 1.76233550 	 0.06447705 
 0.08222426 	 1.74608533 	 0.06340852 
 0.08317638 	 1.72982404 	 0.06244629 
 0.08413951 	 1.71356207 	 0.06158146 
 0.08511380 	 1.69730987 	 0.06080029 
 0.08609938 	 1.68107787 	 0.06008493 
 0.08709636 	 1.66487652 	 0.05941447 
 0.08810489 	 1.64871625 	 0.05876609 
 0.08912509 	 1.63257449 	 0.05808743 
 0.09015711 	 1.61637596 	 0.05730637 
 0.09120108 	 1.60012354 	 0.05644822 
 0.09225714 	 1.58382427 	 0.05554540 
 0.09332543 	 1.56748513 	 0.05463042 
 0.09440609 	 1.55111316 	 0.05373337 
 0.09549926 	 1.53471534 	 0.05287985 
 0.09660509 	 1.51829871 	 0.05208925 
 0.09772372 	 1.50187026 	 0.05137379 
 0.09885531 	 1.48543701 	 0.05073834 
 0.10000000 	 1.46900596 	 0.05018121 
 0.10115795 	 1.45254450 	 0.04965891 
 0.10232930 	 1.43602659 	 0.04915302 
 0.10351422 	 1.41946918 	 0.04869454 
 0.10471285 	 1.40288920 	 0.04831123 
 0.10592537 	 1.38630358 	 0.04802539 
 0.10715193 	 1.36972926 	 0.04785215 
 0.10839269 	 1.35318317 	 0.04779863 
 0.10964782 	 1.33668224 	 0.04786382 
 0.11091748 	 1.32024341 	 0.04803955 
 0.11220185 	 1.30388358 	 0.04831227 
 0.11350108 	 1.28759213 	 0.04868324 
 0.11481536 	 1.27134845 	 0.04916127 
 0.11614486 	 1.25515046 	 0.04974217 
 0.11748976 	 1.23899603 	 0.05041424 
 0.11885022 	 1.22288305 	 0.05115540 
 0.12022644 	 1.20680943 	 0.05193373 
 0.12161860 	 1.19077304 	 0.05271114 
 0.12302688 	 1.17477178 	 0.05344947 
 0.12445146 	 1.15880300 	 0.05411894 
 0.12589254 	 1.14279551 	 0.05474436 
 0.12735031 	 1.12673947 	 0.05542426 
 0.12882496 	 1.11069053 	 0.05623568 
 0.13031668 	 1.09470433 	 0.05720639 
 0.13182567 	 1.07883654 	 0.05830357 
 0.13335214 	 1.06314279 	 0.05943606 
 0.13489629 	 1.04767875 	 0.06046738 
 0.13645831 	 1.03250007 	 0.06123568 
 0.13803843 	 1.01762804 	 0.06164689 
 0.13963684 	 1.00302074 	 0.06174604 
 0.14125375 	 0.98864109 	 0.06157995 
 0.14288940 	 0.97445203 	 0.06119828 
 0.14454398 	 0.96041650 	 0.06064568 
 0.14621772 	 0.94649744 	 0.05995857 
 0.14791084 	 0.93265778 	 0.05916672 
 0.14962357 	 0.91887640 	 0.05825186 
 0.15135612 	 0.90520699 	 0.05706189 
 0.15310875 	 0.89166222 	 0.05569124 
 0.15488166 	 0.87824682 	 0.05425565 
 0.15667511 	 0.86496552 	 0.05284285 
 0.15848932 	 0.85182305 	 0.05150305 
 0.16032454 	 0.83882415 	 0.05025232 
 0.16218101 	 0.82599925 	 0.04905742 
 0.16405898 	 0.81339056 	 0.04785525 
 0.16595869 	 0.80095073 	 0.04669759 
 0.16788040 	 0.78862848 	 0.04561746 
 0.16982437 	 0.77637254 	 0.04459303 
 0.17179084 	 0.76413163 	 0.04355643 
 0.17378008 	 0.75185179 	 0.04244401 
 0.17579236 	 0.73950139 	 0.04131357 
 0.17782794 	 0.72714909 	 0.04045830 
 0.17988709 	 0.71487725 	 0.04005812 
 0.18197009 	 0.70276825 	 0.03999513 
 0.18407720 	 0.69090445 	 0.03987014 
 0.18620871 	 0.67936680 	 0.03920486 
 0.18836491 	 0.66816445 	 0.03796693 
 0.19054607 	 0.65721321 	 0.03654279 
 0.19275249 	 0.64642319 	 0.03532005 
 0.19498446 	 0.63570451 	 0.03449693 
 0.19724227 	 0.62496728 	 0.03399977 
 0.19952623 	 0.61421229 	 0.03362329 
 0.20183664 	 0.60351151 	 0.03330368 
 0.20417379 	 0.59287055 	 0.03302467 
 0.20653802 	 0.58229499 	 0.03278594 
 0.20892961 	 0.57179039 	 0.03259641 
 0.21134890 	 0.56135073 	 0.03243697 
 0.21379621 	 0.55096501 	 0.03226874 
 0.21627185 	 0.54065477 	 0.03213927 
 0.21877616 	 0.53044263 	 0.03209129 
 0.22130947 	 0.52035120 	 0.03215394 
 0.22387211 	 0.51038927 	 0.03232387 
 0.22646443 	 0.50054366 	 0.03257538 
 0.22908677 	 0.49081296 	 0.03290491 
 0.23173946 	 0.48119594 	 0.03330183 
 0.23442288 	 0.47169219 	 0.03375096 
 0.23713737 	 0.46231629 	 0.03426586 
 0.23988329 	 0.45306324 	 0.03484457 
 0.24266101 	 0.44391853 	 0.03545880 
 0.24547089 	 0.43486765 	 0.03606480 
 0.24831331 	 0.42592245 	 0.03666464 
 0.25118864 	 0.41710234 	 0.03729438 
 0.25409727 	 0.40836764 	 0.03786264 
 0.25703958 	 0.39967747 	 0.03825835 
 0.26001596 	 0.39100191 	 0.03837447 
 0.26302680 	 0.38236335 	 0.03823385 
 0.26607251 	 0.37377702 	 0.03793817 
 0.26915348 	 0.36525583 	 0.03758454 
 0.27227013 	 0.35679324 	 0.03722963 
 0.27542287 	 0.34836002 	 0.03685052 
 0.27861212 	 0.34002218 	 0.03647183 
 0.28183829 	 0.33185322 	 0.03603628 
 0.28510183 	 0.32390281 	 0.03541376 
 0.28840315 	 0.31613725 	 0.03458373 
 0.29174270 	 0.30851882 	 0.03366070 
 0.29512092 	 0.30101150 	 0.03276518 
 0.29853826 	 0.29363760 	 0.03189543 
 0.30199517 	 0.28639348 	 0.03102950 
 0.30549211 	 0.27924182 	 0.03017633 
 0.30902954 	 0.27214699 	 0.02932204 
 0.31260794 	 0.26511750 	 0.02846931 
 0.31622777 	 0.25820351 	 0.02766494 
 0.31988951 	 0.25145749 	 0.02693323 
 0.32359366 	 0.24491295 	 0.02631000 
 0.32734069 	 0.23850619 	 0.02578599 
 0.33113112 	 0.23215448 	 0.02528103 
 0.33496544 	 0.22577538 	 0.02469059 
 0.33884416 	 0.21945640 	 0.02422108 
 0.34276779 	 0.21336650 	 0.02402929 
 0.34673685 	 0.20760282 	 0.02416277 
 0.35075187 	 0.20209630 	 0.02467590 
 0.35481339 	 0.19680179 	 0.02528846 
 0.35892193 	 0.19174609 	 0.02568799 
 0.36307805 	 0.18692342 	 0.02598690 
 0.36728230 	 0.18214774 	 0.02591897 
 0.37153523 	 0.17727210 	 0.02516015 
 0.37583740 	 0.17242464 	 0.02411401 
 0.38018940 	 0.16783983 	 0.02332684 
 0.38459178 	 0.16371840 	 0.02293648 
 0.38904514 	 0.15976767 	 0.02302303 
 0.39355008 	 0.15555118 	 0.02293414 
 0.39810717 	 0.15104718 	 0.02220363 
 0.40271703 	 0.14647621 	 0.02128753 
 0.40738028 	 0.14193349 	 0.02059368 
 0.41209752 	 0.13737871 	 0.02010552 
 0.41686938 	 0.13310238 	 0.01995456 
 0.42169650 	 0.12921456 	 0.02013186 
 0.42657952 	 0.12557840 	 0.02056759 
 0.43151908 	 0.12208608 	 0.02105543 
 0.43651583 	 0.11876867 	 0.02163233 
 0.44157045 	 0.11570961 	 0.02236441 
 0.44668359 	 0.11309341 	 0.02358332 
 0.45185594 	 0.11043869 	 0.02495340 
 0.45708819 	 0.10726995 	 0.02543842 
 0.46238102 	 0.10379644 	 0.02522688 
 0.46773514 	 0.10015281 	 0.02456875 
 0.47315126 	 0.09631074 	 0.02346053 
 0.47863009 	 0.09243893 	 0.02245200 
 0.48417237 	 0.08850283 	 0.02165695 
 0.48977882 	 0.08475044 	 0.02092478 
 0.49545019 	 0.08132717 	 0.01983774 
 0.50118723 	 0.07812410 	 0.01879095 
 0.50699071 	 0.07513327 	 0.01807333 
 0.51286138 	 0.07229203 	 0.01769776 
 0.51880004 	 0.06953193 	 0.01779919 
 0.52480746 	 0.06679175 	 0.01831522 
 0.53088444 	 0.06391246 	 0.01814974 
 0.53703180 	 0.06091666 	 0.01758597 
 0.54325033 	 0.05769364 	 0.01683243 
 0.54954087 	 0.05444327 	 0.01640538 
 0.55590426 	 0.05146044 	 0.01639915 
 0.56234133 	 0.04870671 	 0.01658149 
 0.56885293 	 0.04632278 	 0.01697878 
 0.57543994 	 0.04396091 	 0.01737626 
 0.58210322 	 0.04138640 	 0.01705046 
 0.58884366 	 0.03880226 	 0.01654584 
 0.59566214 	 0.03624649 	 0.01589135 
 0.60255959 	 0.03362725 	 0.01512808 
 0.60953690 	 0.03096384 	 0.01433039 
 0.61659500 	 0.02838618 	 0.01364699 
 0.62373484 	 0.02584127 	 0.01308691 
 0.63095734 	 0.02324017 	 0.01274569 
 0.63826349 	 0.02086167 	 0.01263141 
 0.64565423 	 0.01876297 	 0.01255204 
 0.65313055 	 0.01679380 	 0.01242855 
 0.66069345 	 0.01498336 	 0.01228365 
 0.66834392 	 0.01337747 	 0.01189926 
 0.67608298 	 0.01173510 	 0.01178567 
 0.68391165 	 0.01008840 	 0.01204061 
 0.69183097 	 0.00860218 	 0.01182998 
 0.69984200 	 0.00725264 	 0.01142964 
 0.70794578 	 0.00602589 	 0.01096215 
 0.71614341 	 0.00484924 	 0.01061210 
 0.72443596 	 0.00377341 	 0.01029468 
 0.73282453 	 0.00279116 	 0.00999908 
 0.74131024 	 0.00183482 	 0.00981423 
 0.74989421 	 0.00097006 	 0.00972733 
 0.75857758 	 0.00014634 	 0.00982829 
 0.76736149 	 -0.00072867 	 0.01027221 
 0.77624712 	 -0.00136354 	 0.01052427 
 0.78523563 	 -0.00188258 	 0.01073870 
 0.79432823 	 -0.00233188 	 0.01092652 
 0.80352612 	 -0.00267158 	 0.01074374 
 0.81283052 	 -0.00286331 	 0.01035712 
 0.82224265 	 -0.00297889 	 0.00996682 
 0.83176377 	 -0.00305615 	 0.00967838 
 0.84139514 	 -0.00309525 	 0.00946248 
 0.85113804 	 -0.00311938 	 0.00926590 
 0.86099375 	 -0.00310309 	 0.00902213 
 0.87096359 	 -0.00302216 	 0.00867426 
 0.88104887 	 -0.00287646 	 0.00821599 
 0.89125094 	 -0.00268930 	 0.00767789 
 0.90157114 	 -0.00245428 	 0.00703865 
 0.91201084 	 -0.00220363 	 0.00638880 
 0.92257143 	 -0.00192564 	 0.00572063 
 0.93325430 	 -0.00164257 	 0.00505108 
 0.94406088 	 -0.00135739 	 0.00443676 
 0.95499259 	 -0.00103331 	 0.00381267 
 0.96605088 	 -0.00071165 	 0.00297445 
 0.97723722 	 -0.00055211 	 0.00240169 
 0.98855309 	 -0.00024502 	 0.00116400 
 